0.7332090274,0.7506773188,0.7399582243,0.6981010195,0.7563117178,0.7674823735,0.7891039503,0.819623005,0.7508605279,0.7638713987,0.8377561244,0.7603392618,0.8033633809,0.8023801946,0.824475584,0.8928564095,0.8835551799,0.8381496785,0.8424552711,0.8380440236,0.8518180275,0.8518931178,0.8999058924
0.7704448219,0.8165554071,0.7748933777,0.765614127,0.8030143505,0.8371294266,0.8026885052,0.8842084425,0.8771876987,0.8675490056,0.9022555951,0.8661817693,0.8738233818,0.9025585348,0.8944160398,0.9342847087,0.8597555157,0.87819967,0.8888080899,0.8949381126,0.8819766693,0.879096934,0.9211966531
494863252.829998,530634951.429999,540342113.629999,596748390.98,617489840.2,639554154.6,646348733,681226228.380001,682259841.120001,703627685.990002,719408249.030002,735077359.660002,749914345.130002,780792859.610001,853995664.92,915695591.69,964349149.06,1040470476.92,1057659301.8,1073295975.21,1075765171.89,1076618906.72,1076509099.73,1096521926.63,1117974670.21,1112779908.49,1111977981.16,1109349687.25,1104825094.01,1359389250.3,1361900063,1366475870.91,1368918115.37,1374335908.91,1380506378.34,1383733938.85,1389794786.37,1391816548.69,1482847690.92,1478908472.05,1468343750.87,1467909401.17,1470137504.84,1480626350.31,1482716101.71,1478754665.1,1479942313.86,1482037035.39,1480917132.29,1483219538.24,1485562725.63,1486123874.13001,1485534034.20001,1481914867.46001,1478944515.43001,1482383094.43001,1481062177.50001,1482823252.49001,1482501850.95,1481381318.62001
1482847690.92,1478908472.05,1468343750.87,1467909401.17,1470137504.84,1480626350.31,1482716101.71,1478754665.1,1479942313.86,1482037035.39,1480917132.29,1483219538.24,1485562725.63,1486123874.13001,1485534034.20001,1481914867.46001,1478944515.43001,1482383094.43001,1481062177.50001,1482823252.49001,1482501850.95,1481381318.62001
330,312,371,220,171,289,315,380,419,295,292,323,364,263,276,249,242,258,318,379,342,313,373,296,307,176,237,224,271,196,307,269,412,391,323,332,325,229,197,172,173,269,125,256,161,206,163,187,250,221,133
54505,76770,64345,55502,48849,45807,53461,50741,35016,45635,42538,37160,35751,39532,31889,28845,29289,25181,25461,25790,17503,20469,17037,16474,15501,16408,13485,12687,13492,14223,13188,10894,8924,11635,10405,11066,9772,11019,9017
4208,4386,4457,3561,3963,2948,3291,2804,2400,2456,2972,2239,2058,2079,1795,1833,1465,1242,1520,1516,1178,1259,949,822,756,650,456,565,475,557,548
12921,13745,12684,15787,17090,10592,14344,17781,18701,13040,11061,11659,12737,22667,14274,11640,14303,10997,10852,11590,9657,11843,9999,6836,9050,13281,12617,12251,10245,15398,13757,13812,9398,13168,8895,9740,12597,12546,16776,21769,18438,16180,19311,28095,20161,39541,22935,35107,31203,38552,42049,38433,49073,67550,66472,59852,68526,68696,73075,65989,71040,78028,73898,83296,81395,79799,95174,70811,68351
1247,2031,2028,2012,1958,1719,2115,2011,1539,2070,2023,2232,2451,3069,3201,3478,3599,3581,3988,4074,3636,4027,3300,3491,3706,4114,4050,3747,4803,5772,6900,5621,4909,7403,8142,10053,10348,11466,12047,11915,13080,10416,13530,13418,10947,12966,12311,13965,13196,15596,14894,14204,16470,14820,16952,15995,11287,14931,14161,15106,15165,15632,15145,13758,13221,12026,13012,13489,9915
141554,145307,132619,140417,136071,139884,143428,137460,145714,135582,137012,131090,142959,122165,101659,101268,91832,85067,87782,65708,81175,69579,76923,73555,68280,71093,56814,44752,43407,47858,44714,32323
80354,63434,68629,70061,71562,74105,66003,71428,72064,69571,60041,56135,54774,52599,51700,45175,45710,48625,39804,44244,35629,35745,34445,32574,31169,26240,25113,23835,25457,25426,20148
45163,59215,69359,68587,70256,65419,69450,72227,72578,83969,88830,90375,79956,68546,56297,52589,61467,57716,53707,55864,49085,51649,44117,43771,42053,39249,37521,35166,38724,47498,48562,36850,31706,42261,46105,59329,64473,75512,80354,63434,68629,70061,71562,74105,66003,71428,72064,69571,60041,56135,54774,52599,51700,45175,45710,48625,39804,44244,35629,35745,34445,32574,31169,26240,25113,23835,25457,25426,20148
126103244.918,126491861.216,127279731.17,137646927.01,129896052.738,124946562.154,127838434.67,129345632.002,130982967.188,128621484.242,123056389.352,115050911.398,113535401.508,124727072.966,133854111.414,134693300.546,137433632.494,123062064.014,109306069.744,119530276.936,122319221.218,126908978.696,126685124.934,109248633.024,123632791.868,129812135.926,130350349.68,120899482.472,114500711.06,111754325.288,110848786.068,107807526.778,109123471.41,115324654.85,108311062.224,96940258.084,103413135.19,108197999.57
27872951.542,24438446.424,25816060.496,27140119.818,25885444.67,27089191.064,20838516.258,21860141.076,21088719.222,25951593.258,22664416.996,18736234.494,21613932.888,19376472.066,19280042.602,16786087.69,15604727.294,16363988.72,17193714.292,13840026.54,13191324.604,17303356.52,16297598.454,13611071.256,12991170.85,15604717.268,16901081.958,12459008.756,10459089.196,11170305.358,7913177.094,8658993.976,10446390.946,7984610.97,8362348.926,8356513.452,8593656.924,8362499.292
29006293.08,26410360.87,28050453.12,28426504.39,27764175.96,29009032.51,30333118.28,29189448.04,26582863.34,27641052.41,27250600.13,28891029.93,30119394.08,31319280.97,34499280.96,33361606.1,35358291.14,36207626.94,38412889.97,37982150.01,33981637.3,33161915.15,30312095.97,27397633.17,31507779.89,31367308.54,29128764.23,26398705.21,28571376.79,26733447.84,23733348.32,24689193.15,22590921.48,20725226.82,21040687.74,18461242.95,23305100.61,20850263.35
