"809";5172.4;5239.1;5238.5;5507.3;5225.7;5249.1;5289.2;5365.6;5380.4;5373.6;5365.1;5432.3;5440.6;5478.7;5511.2;5548.1;5529.3;5600.6
"810";5952.6;6005;6042.2;6527.8;5941.8;5952.6;5951.6;6136.6;6187.6;6172;6203.2;6248.6;6240.8;6275.4;6294.2;6328;6389.8;6404.4
"811";7513;7588;7556;8354;7387;7427;7408;7652;7667;7633;7668;7694;7721;7746;7794;7839;7853;7901
"812";5735;5790;5754;6516;5586;5610;5596;5821;5803;5784;5795;5812;5837;5840;5875;5918;5922;5975
"813";6558;6596;6630;6662;6716;6770;6824;6878;6932;6986;7040;7094;7148;7202;7258;7316;7376;7438
"814";4380;5800;3860;4620;3690;4820;8200;5970;4520;3600;1060;3110;3270;4390;6000;6530;5170;5680
"815";7464;7614;7648;7756;7768;7774;7764;7794;7854;7896;7862;7988;8008;8120;8208;8308;8318;8384
"816";7370;7485;7600;7765;7835;7855;7860;7875;7890;7910;7930;7950;7965;7970;7970;7975;7985;8020
"817";6896;6922;6948;6966;6957;6953;6952;6941;6931;6920;6936;6957;6978;6973;6967;6962;6966;6974
"818";8722;8797;8724;8802;8924;8926;8983;9017;9045;9102;9143;9194;9218;9259;9275;9362;9423;9469
"819";5002;5032;5058;5108;5122;5138;5138;5270;5306;5298;5318;5348;5340;5366;5382;5404;5570;5582
"820";6455;6512;6557;7051;6551;6573;6590;6778;6831;6820;6855;6907;6909;6948;6987;7041;7129;7155
"821";5039;5154;5089;5255;5310;5082;5067;5266;5327;5356;5400;5441;5416;5594;5621;5668;5663;5775
"822";6554.5;6640.5;6645;6689.5;6668.5;6725;6636;6711.5;6720.5;6740.5;6748;6752.5;6785.5;6831.5;6830;6850;6779.5;6855.5
"823";5530;5530;5545;5615;5620;5620;5635;5635;5610;5655;5675;5700;5740;5780;5830;5915;5955;5990
"824";4190;4630;4230;7924;3128;3136;4408;4568;4308;3646;3040;3954;3786;3584;3878;4144;3518;3934
"825";7265.6;7333.6;7313.8;7658.2;7261.4;7273;7320.8;7388.4;7395.4;7382.4;7357;7442.6;7452.6;7480.4;7511;7556.2;7512.8;7591.8
"826";4618;4714;4660;4829;4857;4655;4644;4795;4852;4879;4918;4949;4925;5066;5099;5163;5140;5225
"827";5335;5396.5;5399;5431;5392;5411;5337;5395;5408.5;5444;5449;5450;5495.5;5502;5491.5;5509;5454.5;5515.5
"828";5445;5465;5395;5355;5385;5470;5470;5420;5435;5615;5490;5695;5690;5690;5610;5585;5650;5720
"829";4890;4985;5015;4960;4935;4880;4830;4825;4785;4845;4715;4825;4875;4975;4970;4905;4925;4960
"830";5270;5090;5465;6430;6695;6470;6065;5385;5065;5440;5990;5975;5490;5185;5565;6430;7180;6575
"831";5510;5545;5425;5295;5310;5435;5475;5480;5530;5705;5520;5755;5785;5805;5680;5570;5575;5715
"832";5455;5545;5475;5390;5395;5570;5640;5600;5675;5805;5545;5805;5865;5960;5875;5820;5830;6030
"833";5580;5545;5360;5175;5200;5270;5275;5335;5350;5580;5490;5690;5680;5615;5435;5265;5265;5335
"834";5330;5375;5415;5450;5460;5495;5500;5525;5500;5520;5545;5555;5565;5595;5640;5700;5730;5755
"835";5295;5360;5400;5430;5435;5465;5470;5490;5465;5480;5520;5520;5530;5560;5605;5650;5680;5700
"836";5410;5480;5525;5555;5570;5590;5600;5615;5590;5605;5640;5635;5655;5690;5730;5775;5805;5840
"837";5275;5360;5380;5410;5410;5445;5445;5430;5390;5405;5445;5430;5425;5460;5485;5505;5525;5550
"838";5070;5205;5270;5420;5510;5505;5515;5545;5450;5360;5410;5365;5435;5635;5790;5895;5940;6080
"839";4945;5195;5245;5495;5675;5635;5610;5635;5520;5325;5215;5195;5335;5690;6010;6225;6340;6680
"840";4720;5070;5135;5590;5840;5730;5670;5715;5505;5250;5015;4960;5205;5745;6245;6575;6730;7310
"841";5185;5215;5295;5355;5365;5395;5430;5465;5390;5385;5580;5510;5520;5590;5600;5605;5590;5555
"842";5330;5405;5415;5410;5380;5430;5430;5400;5370;5415;5455;5450;5420;5410;5395;5395;5410;5400
"843";5315;5365;5345;5320;5335;5380;5310;5295;5295;5310;5350;5350;5295;5295;5260;5265;5235;5270
"844";5875;6060;6095;6055;6050;5995;6145;6135;6110;6150;6195;6185;6205;6130;6115;6130;6145;6110
"845";5135;5115;5150;5135;5115;5155;5190;5190;5185;5235;5185;5155;5160;5205;5165;5130;5110;5125
"846";5330;5575;5570;5670;5465;5730;5705;5540;5380;5555;5740;5790;5765;5730;5760;5730;5995;5870
"847";5610;5655;5735;5770;5795;5790;5820;5885;5885;5900;5925;5930;5990;6020;6090;6165;6205;6260
"848";6200;6275;6375;6420;6480;6500;6575;6655;6675;6695;6730;6740;6815;6885;6985;7095;7170;7235
"849";6835;7005;7155;7185;7235;7300;7425;7550;7675;7780;7905;7910;8030;8100;8225;8380;8535;8620
"850";7076;7312;7436;7548;7676;7840;8076;8368;8624;8856;9060;9224;9392;9672;9944;10244;10532;10820
"851";5385;5370;5470;5495;5515;5490;5560;5615;5590;5620;5680;5665;5660;5625;5650;5740;5710;5725
"852";6805;6840;6830;7000;7120;7130;7070;7060;6910;6650;6375;6310;6490;6805;7075;7140;7250;7475
"853";5785;6075;6185;6575;6835;6840;6790;6810;6655;6360;5945;5980;6325;6980;7525;7745;8050;8615
"854";4080;4010;4005;3955;3905;3895;3840;3845;3780;3745;3730;3700;3685;3635;3625;3585;3540;3515
"855";2298;2427;2511;2661;2625;2373;2193;2256;2346;2436;2505;2610;2691;2595;2487;2469;2472;2622
"856";5130;5450;5720;6090;6080;5960;5680;5630;5535;5580;5790;5775;6035;6170;6520;7055;7050;7050
"857";4940;4990;5005;5045;5020;5090;5070;5110;5085;5090;5145;5165;5150;5175;5215;5270;5295;5275
"858";4645;4690;4720;4730;4705;4800;4755;4740;4795;4765;4820;4865;4890;4930;4975;5065;5050;5015
"859";5140;5185;5195;5260;5235;5280;5285;5360;5275;5305;5365;5360;5320;5335;5375;5405;5455;5455
"860";5385;5400;5445;5480;5500;5535;5540;5570;5555;5585;5585;5605;5610;5640;5695;5775;5805;5835
"861";5405;5465;5515;5560;5625;5670;5665;5715;5720;5725;5755;5780;5825;5875;5955;6075;6115;6160
"862";5575;5525;5585;5560;5610;5605;5635;5675;5685;5715;5685;5730;5680;5705;5765;5845;5785;5815
"863";5195;5180;5190;5260;5175;5215;5230;5205;5145;5220;5180;5185;5155;5150;5155;5160;5255;5250
"864";4895;4915;4890;4910;4910;4855;4845;4875;4855;4895;4820;4830;4870;4900;4845;4860;4905;4945
"865";8065;8185;8320;7975;8480;8380;8160;8285;8560;8485;8520;7645;7970;8790;8425;8845;8845;8790
"866";5275;5300;5300;5415;5355;5255;5210;5230;5145;5345;5045;4925;5220;5220;5055;5235;5200;5500
"867";4655;4675;4625;4655;4630;4580;4600;4635;4605;4630;4580;4665;4630;4630;4590;4545;4605;4600
"868";4245;4245;4205;4200;4155;4120;4150;4100;4090;4080;3985;4060;4015;4045;4120;4050;4120;4075
"869";5520;5440;5515;5490;5355;5360;5385;5415;5500;5655;5565;5610;5570;5650;5580;5590;5455;5460
"870";4660;4665;4720;4640;4725;4750;4670;4580;4670;4565;4635;4705;4725;4705;4910;4895;4995;4960
"871";5575;5635;5710;5840;5665;5870;5865;5725;5620;5770;5900;5920;5810;5745;5805;5825;6035;5955
"872";5570;5635;5690;5835;5660;5825;5795;5735;5710;5775;5940;5975;5790;5690;5760;5775;5960;5880
"873";5595;5640;5780;5875;5690;6035;6125;5695;5285;5755;5750;5720;5900;5955;5970;6000;6315;6225
"874";5350;5395;5440;5465;5495;5520;5525;5565;5555;5560;5580;5590;5605;5645;5700;5770;5780;5815
"875";5360;5425;5485;5535;5575;5605;5625;5675;5660;5650;5685;5695;5750;5810;5900;6005;6035;6090
"876";4790;4940;5020;5025;4980;5065;4920;4915;4910;4880;4980;5045;5090;5230;5245;5285;5270;5215
"877";4925;4900;4980;5020;5040;5035;5105;5120;5075;5135;5175;5260;5260;5240;5210;5285;5255;5255
"878";4775;4775;4805;4895;4775;4845;4830;4895;4895;4910;4940;4920;4995;4985;5025;5205;5145;5145
"879";4940;5060;5125;5115;5200;5355;5215;5250;5250;5280;5280;5360;5365;5305;5490;5640;5545;5570
"880";5115;5245;5210;5390;5420;5570;5410;5445;5455;5555;5595;5640;5620;5665;5720;5945;5730;5780
"881";4700;4800;5005;4730;4895;5065;4945;4975;4960;4905;4850;4970;5015;4810;5175;5220;5290;5280
"882";4755;4815;4815;4835;4890;4905;4940;4960;4925;4915;4980;4980;4980;5035;5105;5145;5180;5200
"883";5835;5895;6000;6035;6070;6145;6215;6280;6285;6320;6430;6475;6545;6570;6605;6710;6760;6805
"884";5075;5140;5165;5285;5375;5350;5290;5295;5210;5060;4945;4925;5020;5210;5415;5540;5575;5735
"885";5250;5480;5575;5885;6135;6090;6030;6050;5925;5735;5510;5530;5755;6205;6620;6925;7065;7450
"886";5230;5235;5300;5285;5285;5245;5260;5265;5230;5220;5240;5160;5200;5135;5120;5135;5175;5130
"887";5340;5365;5385;5380;5395;5410;5410;5435;5425;5445;5455;5460;5425;5440;5455;5475;5470;5480
"888";5380;5425;5405;5390;5395;5460;5420;5410;5395;5440;5440;5480;5450;5450;5420;5430;5400;5450
"889";5040;5095;5060;4875;5080;4960;4725;4630;4705;4470;4865;4515;4270;4320;4165;4175;4215;4145
"890";5310;5245;5335;5325;5355;5360;5360;5365;5435;5465;5425;5440;5330;5385;5400;5350;5370;5340
"891";4705;4685;4725;4720;4710;4710;4670;4665;4675;4680;4680;4660;4605;4605;4630;4640;4595;4555
"892";5495;5355;5430;5445;5480;5525;5570;5670;5605;5705;5585;5605;5570;5635;5725;5790;5685;5805
"893";4955;5010;5005;5060;5045;5065;5055;5130;5055;5065;5080;5045;5055;5080;5085;5085;5110;5105
"894";5710;5780;5825;5795;5800;5770;5855;5865;5880;5915;5930;5940;5915;5890;5940;5965;5990;5965
"895";5115;5295;5235;5215;5175;5205;5205;5205;5185;5210;5160;5175;5265;5410;5390;5335;5340;5345
"896";5555;5590;5635;5655;5725;5725;5700;5750;5770;5755;5845;5875;5835;5825;5890;5975;5990;5980
"897";4400;4355;4375;4350;4360;4370;4340;4290;4280;4235;4190;4180;4175;4195;4175;4235;4205;4165
"898";5608.84;5801.4;5887.18;5665.78;6095.98;5207.9;5408.99;6002.71;5832.99;5923.48;6185.19;5673.37;5988.43;6139.48;6157.01;6100.7;6428.92;5457.48
"899";5564.53;5635.54;5664.15;5691.7;5811.34;5815.71;5844.98;5837.92;5872.49;5872.02;5895.51;5852.66;5919.37;5955.36;5996.49;6067.11;6124.62;6096.28
"900";4921.56;4909.18;4970.5;5132.18;5056.9;5136;5179.58;5145.32;5080.14;5165.98;5033.6;5131.12;5201.76;5209.42;5311.48;5394.44;5366.6;5423.5
"901";6293.65;6321.25;6436;6711.4;6540.25;6706.65;6776.85;6705.2;6615.35;6752.1;6462.85;6726.05;6876.05;6907.65;7133.25;7309.1;7235.45;7308.55
"902";6010.25;5951.7;5990.25;6119.05;6102;6133.35;6172.1;6158.1;6085;6162.85;6121.15;6101.75;6128.35;6115.9;6145.45;6177;6181.05;6250.2
"903";8205.1;8344.25;8356.65;8449.55;8476.45;8431.2;8381.6;8521.4;8580.05;8613.7;8656.8;8716.35;8721.4;8893.1;8950.1;9047.15;8914.95;9052.4
"904";5955.8;6121.3;6103.6;6205.2;6295.7;6122.4;6115.4;6295.2;6403.9;6467.5;6532.2;6646.5;6589.9;6845.9;6961.4;7104.8;6966.8;7108.8
"905";7590.3;7668.7;7703.55;7675.6;7776.7;7959.85;7953.7;7859.05;7977.75;8079.7;7948.9;8022.5;8052.7;8051;8065.8;8106.75;8089.85;8140.55
"906";7527.6;7523.3;7621.6;7755;7813.8;8042.8;8068.1;7884.4;8029.5;8068.1;8020.5;8251.5;8288.1;8232.1;8314.2;8351;8441.1;8408.7
"907";7653;7814.1;7785.5;7596.2;7739.6;7876.9;7839.3;7833.7;7926;8091.3;7877.3;7793.5;7817.3;7869.9;7817.4;7862.5;7738.6;7872.4
"908";4946;4990;5017;5051;5150;5144;5158;5143;5129;5161;5204;5166;5239;5267;5293;5349;5409;5388
"909";4364;4428;4420;4478;4622;4552;4616;4654;4562;4544;4628;4522;4622;4684;4688;4780;4868;4848
"910";7220;7265;7405;7385;7475;7455;7415;7335;7460;7525;7580;7615;7660;7690;7805;7850;7950;7820
"911";6605;6615;6630;6675;6720;6885;6830;6750;6785;6920;6875;6915;6985;6930;6940;6945;6925;6995
"912";8319.69;8355.2;8560.95;8610.88;8331.28;8404.31;8475.93;8530.69;8574.35;8551.55;8475.81;8491;8506.78;8575.86;8800.9;8889.92;8563.35;8600.41
"913";7680.26;7661.9;7621.1;7584.76;7577.96;7594.66;7590.78;7581.6;7631.82;7626.52;7631.22;7627.84;7613.78;7606.02;7603.62;7548.5;7578.16;7599.46
"914";4842.44;4818.18;4788.14;4754.34;4732.12;4750.7;4736.98;4702.4;4754.68;4750.28;4758.74;4753.76;4751.42;4752.64;4757.72;4726.06;4763.44;4773.2
"915";7094.55;7109.3;7082.4;7076.05;7114.6;7109.9;7134.5;7198;7192.85;7190.6;7181.2;7185.2;7155.9;7133.45;7114.75;7056.1;7036.8;7065.65
"916";7477.74;7486.44;7498.62;7539.78;7615.08;7688.64;7752.87;7849.86;7868.7;7885.14;7904.01;7869.87;7883.22;7953.75;8013.66;8115.84;8147.19;8119.62
"917";6089.65;6038.45;6044.4;6090;6176;6237.95;6320.6;6416.75;6443.95;6441.55;6465.9;6401.25;6412.15;6470.8;6568;6701.15;6787.85;6855.25
"918";6373.25;6438.95;6453.3;6476.3;6515.8;6576.45;6600.85;6666.35;6670.55;6700.35;6707.45;6715.2;6726.55;6785.45;6788.1;6825.25;6790.8;6677.45
"919";4107.28;4105.78;4122.48;4165.28;4175.14;4197.3;4189.7;4201.62;4232.24;4237.18;4241.2;4262.36;4296.26;4301.42;4293.74;4320.22;4331.72;4313.16
"920";6553;6573.95;6577.45;6632.45;6625.65;6630.15;6628.1;6654.9;6681.8;6709.25;6710.45;6748.2;6793.55;6807.5;6822.85;6829.65;6828.3;6786.7
"921";7430.4;7381;7457.5;7561.5;7624.4;7726.2;7692.3;7698.3;7797.6;7767.4;7785.1;7815.4;7894.2;7892.1;7823;7941.8;8002;7992.4
"922";7948;7936;7931;7944;7961;7968;7995;8019;8033;8047;8054;8061;8066;8095;8099;8123;8108;8094
"923";7398;7380;7364;7342;7318;7310;7316;7314;7316;7336;7338;7356;7362;7354;7356;7366;7328;7350
"924";4674;4680;4674;4682;4728;4742;4802;4848;4854;4856;4864;4842;4816;4888;4904;4932;4942;4916
"925";3822;3812;3824;3864;3876;3886;3872;3876;3896;3902;3906;3926;3956;3948;3938;3948;3946;3920
"926";5255.72;5126.56;4983.42;4987.12;4535.62;5045.98;5395.86;5040.52;5126.64;5563.72;4607.44;5121.12;5547.9;5442.8;5327.98;5259.34;4823.56;5354.68
"927";6731.75;6612.1;6416.7;6592.05;5713.6;6627.1;7224.95;6590.35;6744.85;7438.1;5639.2;6596.7;7350.6;7212.05;7136.65;7246.2;6383.1;7268.65
"928";6380;6440;5640;4761;4589;5261;5414;4986;5837;6378;5622;6247;6908;6687;6247;5447;5276;5792
"929";5824;5844.5;5558.5;5072;5404.5;5850;6026.5;5690.5;5704.5;6143;5130.5;5726;6002;5930.5;5819.5;5505.5;5599.5;6161.5
"930";4924;4998;4780;4353;4893;5204;5495;5036;5287;5553;4805;5357;5431;5499;5283;4991;5180;5738
"931";7128.5;7152;6713;6643.5;6156.5;6886.5;7420.5;6870.5;7222.5;7704.5;6260.5;7097.5;7582;7656;7256.5;6970;6727.5;7283.5
"932";11526;10469.5;10523;12226;9592;11031.5;13602;11010.5;11513;13487;10206;11020;13295;11861.5;12485;14524;10696.5;12785.5
"933";9846.5;9205.5;9230.5;9846.5;7711;9068.5;9896.5;9181;9217.5;10479;8609.5;9713;11055.5;10173;10606.5;11019.5;9270;10504.5
"934";6612.2;7062;6875.8;7008.6;6045.4;7333.6;7757;7313.4;7359.4;7879.2;4720.6;6529;7253.6;7894.6;7423.6;7370;6863;8042
"935";5856.3;6978;6476.7;5650.2;6216.6;7449.6;7604.1;7447.8;7519.5;7647;4197.9;6357.6;7195.5;8362.8;7804.8;6808.8;7514.1;8852.1
"936";11641;10490;10666;11677;9315;10228;11291;9900;10480;11826;9603;10467;11821;10684;11319;11912;9547;10390
"937";6407.55;6204.3;6041.85;5875.75;5625.45;5987.85;6264.7;6010.95;6071.75;6471.2;5879.4;6206.1;6519.15;6394.95;6183.3;5902.15;5675.8;6118.05
"938";7113.4;6876.6;6737.6;6570.6;6199.8;6576.4;6937.2;6569.6;6804.6;7142.2;6619.2;7115.4;7431.6;7219;7055.2;7019.2;6397;6947
"939";8034;4462;6324;7804;4008;4248;7318;4194;5684;6874;5130;3742;6300;4410;5034;6108;5168;5340
"940";6535;6183;5910;5359;5238;5733;5890;5956;5812;6448;5187;6288;6367;6252;6007;5309;5044;5889
"941";5628.5;5515;5378;5375.5;5274;5382.5;5503.5;5146.5;5364;5608;5280.5;5432.5;5636.5;5442.5;5321;5195.5;5114;5429.5
"942";5300;4936.8;4836;4944.8;4912.6;5210.4;5518.2;5133.8;5184;5692;4964.2;5112;5443.6;5130;5117.8;5074;5063.2;5292.8
"943";6916.5;6964.5;6689.5;6274.5;5883;5990;6062.5;6135;6569.5;6653;6299.5;6226;6166.5;6398.5;5866;5241.5;4959.5;5134.5
"944";8853;8917;8155;7660;8060;8860;9021;9162;8765;9387;7885;8747;9054;9070;8517;8002;8265;9038
"945";4921.56;4909.18;4970.5;5132.18;5056.9;5136;5179.58;5145.32;5080.14;5165.98;5033.6;5131.12;5201.76;5209.42;5311.48;5394.44;5366.6;5423.5
"946";6293.65;6321.25;6436;6711.4;6540.25;6706.65;6776.85;6705.2;6615.35;6752.1;6462.85;6726.05;6876.05;6907.65;7133.25;7309.1;7235.45;7308.55
"947";5763;5826;5649;5668;5450;5775;5587;5432;5726;5766;5700;5798;6174;6034;6222;6403;6254;6314
"948";5593;5558.5;5654.5;5654.5;5712.5;5816.5;5840;5709;5590.5;5814;5563.5;5659;5763.5;5677;5925.5;6022.5;5900.5;6057.5
"949";4796;4777;4875;4894;5022;5183;5251;5061;5158;5245;5215;5320;5294;5312;5429;5459;5339;5653
"950";6737.5;6669.5;6778;7051.5;6939;6960;7061;6966.5;7051;7124.5;6905.5;7065.5;7155;7165;7307.5;7379;7487.5;7348
"951";4234.6;4218;4360.4;4522.4;4516.4;4566.4;4763.8;4607.2;4655;4638;4696.4;4777.2;4878.6;4869;5137;5257;5019.6;5269.8
"952";3571.8;3622;3581.2;3799.6;3522.8;3686.2;3751.2;3732;3766.4;3903.4;3845.6;3930.8;4008.4;3976.4;4094.8;4207.8;4216.6;4257
"953";6320.8;6575;6823.6;7277;7052.8;7197.4;7252.8;7243.6;6852.2;7088.6;6173;6825.4;7032.8;7264.2;7357;7666.8;7810.6;7778.8
"954";3820.2;4073.8;4259.6;4630.2;4609.8;4743.8;4752;4787.2;4465;4578.8;4014;4389.8;4732.4;4886.2;5093.2;5323.6;5479.6;5554.4
"955";10874;10406;10440;10781;10503;10638;10646;10283;10565;10837;10647;10859;10902;10695;11052;11043;10756;10840
"956";6010.25;5951.7;5990.25;6119.05;6102;6133.35;6172.1;6158.1;6085;6162.85;6121.15;6101.75;6128.35;6115.9;6145.45;6177;6181.05;6250.2
"957";6693.6;6639.2;6689.8;6689;6732.8;6722;6801.2;6694.6;6688;6868.4;6888.6;7083.8;6981.8;6954.2;7016.2;7138.6;7014.6;7116.6
"958";6854;4836;5526;6242;6030;5698;5892;5520;5168;5554;6540;4128;5280;4782;4624;5264;6774;6608
"959";5885;5733;5739;5924;6043;5924;5750;6165;5866;5844;5887;5896;5763;5807;5831;5891;5845;6039
"960";10913;10812;10927;11162;10870;10775;10844;10285;10903;10757;10724;10664;10889;10691;10814;10735;10621;10824
"961";5048;4988.2;5022.4;5210.8;5135.2;5217.2;5283;5142.6;5136.6;5338.2;5201.6;5146.6;5188.6;5184.2;5331.4;5335.6;5311;5303.2
"962";6382;6452.5;6413;6402;6367.5;6656.5;6665.5;6827.5;6510.5;6353.5;6144;5944;5834.5;5872.5;5622.5;5459;5528;5763.5
"963";8500;8520;8612;8683;8680;8770;8705;9159;8608;8626;8215;8624;8690;8700;8944;8989;8873;8889
"964";8054;8101.5;8193.5;8556;8644;8630;8645.5;9224;8738;8794;8676;8931;9011.5;9048.5;9069.5;8983.5;8976.5;9061.5
"965";22648.8;22084.4;22389.6;22856.8;22667.2;22675.6;23046.8;22468.8;22376.4;22927.2;23066.8;22728;22917.6;22762.4;22693.2;23100.8;23073.6;23341.2
"966";16083.6;16124.8;16546;17426.4;16949.2;17015.2;17592.4;17174;17192.4;17570.4;16542;17654.8;17662.8;17870;18671.2;19480;18670.4;19216.8
"967";4927;5197.5;5401;5914.5;5877.5;6071;6009.5;6006.5;5735;5826.5;5210.5;5605;6002.5;6242.5;6455.5;6759.5;6916;7022.5
"968";7846;7762.5;7839;8034;7892.5;8292;8188;8334;8199.5;8191;7946;8189;8365;8409.5;8712;8834.5;8665;8659.5
"969";8034.7;8071.7;8149.2;8329.8;8194.1;8405.7;8406.8;8352.5;8265;8392.6;8170.9;8346.7;8465.1;8410.9;8680.8;8765.5;8758.5;8811.4
"970";6997;7046;7216;7337;7224;7303;7260;7574;7211;7404;7435;7489;7604;7544;7711;7775;7644;7691
"971";3937.9;3875.1;3952.3;4110.9;3940.9;3979.3;4126.4;4085.7;4009.1;4098.4;3931.7;4093.1;4088.9;4130.4;4235;4346;4201.2;4269.2
"972";6267.8;6224.8;6381;6659.2;6363.4;6407.4;6702.4;6599.4;6540.6;6678;6344.6;6765;6675;6740.8;7065.4;7389.2;6955.4;7162.2
"973";8040;7627;7618;7813;7592;7756;7752;7860;7388;7594;7594;7106;7514;7600;7023;6514;7235;6881
"974";3833.16;3843.4;3813.13;3729.87;3781.83;3817.53;3794.71;3816.01;3839.32;3797.58;3816.35;3836.81;3802.26;3813.37;3805.79;3704.19;3775.39;3813.89
"975";4833.02;4828.02;4792.04;4652;4702.34;4776.98;4739.46;4734.72;4796.46;4739.22;4770.02;4793.94;4747.9;4762.26;4767.46;4617.06;4731.8;4793.18
"976";2833.3;2858.78;2834.22;2807.74;2861.32;2858.08;2849.96;2897.3;2882.18;2855.94;2862.68;2879.68;2856.62;2864.48;2844.12;2791.32;2818.98;2834.6
"977";7680.26;7661.9;7621.1;7584.76;7577.96;7594.66;7590.78;7581.6;7631.82;7626.52;7631.22;7627.84;7613.78;7606.02;7603.62;7548.5;7578.16;7599.46
"978";4842.44;4818.18;4788.14;4754.34;4732.12;4750.7;4736.98;4702.4;4754.68;4750.28;4758.74;4753.76;4751.42;4752.64;4757.72;4726.06;4763.44;4773.2
"979";7878;7799;7845;7768;7773;7757;7783;7838;7724;7687;7692;7621;7601;7594;7518;7493;7556;7509
"980";3971.6;3929.6;3896;3879.4;3873.2;3880.8;3868.6;3872.2;3841.2;3830.2;3861;3876.8;3848.2;3865.6;3855.4;3888.4;3897.4;3914
"981";4916.5;4908;4880.5;4876;4869;4877.5;4795.5;4808;4722;4715.5;4776.5;4721.5;4684.5;4735;4736.5;4742.5;4775;4786
"982";2384.4;2364.8;2358.1;2334.8;2315.5;2317.1;2330.2;2238.5;2312.8;2302.6;2313;2328.3;2326.6;2313.9;2304.5;2306.6;2304.8;2315.9
"983";4619.9;4609.9;4624.4;4558.7;4534.6;4543.1;4448;4415.7;4480.5;4510.3;4528.2;4547;4548.4;4582.8;4600.5;4615.8;4662.9;4691.3
"984";6323.8;6252.8;6263.6;6268.4;6326.2;6354.2;6380;6229.2;6524.2;6522.2;6602.6;6629.6;6637.2;6704;6764.6;6725;6862.6;6946.4
"985";6877.6;6871.5;6745.5;6672.8;6600.9;6619.5;6588.5;6662.5;6564.2;6526.7;6499.8;6404.5;6386.4;6300.2;6317.8;6158.8;6190.4;6138.6
"986";6094.5;5986.5;5819.5;5624.5;5566.5;5629;5681;5698.5;5739;5755.5;5698.5;5740;5705.5;5695.5;5671.5;5755;5789;5813
"987";4696.8;4645.6;4607;4635.6;4586.4;4608;4595.8;4650.4;4555.2;4550;4520.4;4501.6;4505;4520.8;4463.4;4423;4377.4;4371.4
"988";6939.9;6844.2;6826.7;6816.5;6770.7;6782.5;6786.3;6548.6;6840.1;6816.3;6835.7;6867.8;6844.1;6852.2;6867;6843.4;6815.7;6880
"989";5420.3;5436.5;5373.6;5357;5322.3;5328.7;5303.4;5439.45;5302.1;5315.3;5327.25;5323.15;5335.2;5347.15;5305.95;5267.9;5288.5;5253.95
"990";6431.7;6373.7;6366.8;6241.2;6245.3;6313.6;6291.8;6084.5;6329.1;6304.5;6303.5;6254.7;6242.6;6216.7;6309.7;6251.1;6424.5;6478.1
"991";7094.55;7109.3;7082.4;7076.05;7114.6;7109.9;7134.5;7198;7192.85;7190.6;7181.2;7185.2;7155.9;7133.45;7114.75;7056.1;7036.8;7065.65
"992";5953.6;5980.8;5940.4;5914.2;5977.8;5971.6;5982;6133.6;6035.4;6055.4;6032.4;5987.6;5966.8;5983.8;5987.4;6011.8;6015.4;6013.8
"993";6589;6714;6685;6694;6607;6627;6700;6707;6732;6810;6714;6712;6702;6588;6611;6365;6028;5917
"994";9082;9091;9120;9113;9150;9143;9192;9162;9308;9239;9200;9172;9204;9262;9400;9470;9652;9649
"995";6853.5;6883.5;6859.5;6693.5;6714.5;6727.5;6733.5;6736.5;6756.5;6752;6798;6857;6800;6789.5;6760;6743.5;6697;6737.5
"996";6945.6;6971.2;6974.8;6990.6;7014.6;6975.8;6978.8;7042.6;7010.6;6982.6;6970.6;7017;7003.8;6938.2;6902.6;6849.4;6798.2;6840.8
"997";5936.5;5819.5;5685;5679.5;5745.5;5805;5842;5710.5;5809.5;5694.5;5623.5;5512;5338.5;5324.5;5203;4937.5;4993;5129
"998";5778.5;5805;5843;5907;5890.5;5894;5917;5779.5;6043.5;6065;6090.5;6099.5;6099.5;6104.5;6115.5;6106.5;6151;6203.5
"999";5255.4;5252.8;5213.7;5219.4;5228.6;5212.1;5232.9;5231.1;5296.5;5305.5;5264.7;5259.4;5248.9;5225.9;5236.3;5186.6;5143.4;5152.6
"1000";4580.6;4563.4;4551.8;4577.4;4592.4;4632.2;4625.6;4668.2;4598;4619.4;4640.4;4656;4665.8;4687.4;4695.4;4669.4;4669.8;4663.6
"1001";6643.4;6684.1;6675.2;6644;6704.4;6691.6;6723.3;6830.8;6790.2;6766;6777.5;6783;6730;6697.3;6645.5;6590.9;6595.3;6646.9
"1002";5659.4;5671.2;5670.2;5713.6;5753;5794.2;5878.6;5966;5997;6035.2;6081.6;6122.2;6101.2;6116;6108.4;6081;6123.2;6145
"1003";5863;5895.8;5852.3;5852.6;5884.5;5889.1;5913.6;5955.1;5959.8;5955.7;5919.7;5895.3;5867.3;5833.3;5820;5765.9;5724.8;5755.3
"1004";6267;6220;6157;5998;5970;6072;6166;6215;6204;6206;6120;6185;6161;6095;6058;6075;6107;6080
"1005";4551.6;4536;4538.4;4526.8;4533.6;4573.2;4645;4573;4660;4683;4686.2;4722;4738.4;4741.8;4785;4782.8;4884.2;4898.4
"1006";6386;6352.5;6324;6287.15;6269.3;6267.75;6260.55;6176.1;6264.1;6258.4;6288.65;6293.1;6273.9;6282.2;6271.75;6260.3;6279.1;6297.15
"1007";6464.5;6460.5;6414.5;6338.5;6366.5;6380.5;6482.5;6358.5;6679;6692;6749.5;6778.5;6709.5;6751.5;6741.5;6726.5;6775.5;6863
"1008";8455.4;8427.9;8428.4;8319.9;8299.8;8351.4;8261.1;8177.3;8315.2;8321.7;8370;8282;8292.7;8320.7;8313.4;8235.1;8327;8362.3
"1009";6177.4;6174.4;6004.4;6043.8;5943.4;5879.4;5753;6031.8;5734;5689;5624;5621.8;5614.6;5505.6;5521.4;5334;5316.8;5261.4
"1010";5129.1;5084.2;4858.98;5001.74;4624.16;5084.74;5291.66;5027.4;5001.8;5451.6;4601.92;5048.44;5400.34;5375.88;5253.12;5207.16;4999.1;5373.46
"1011";6434.95;6523.65;6129.15;6635.35;5910.9;6703.35;6956.35;6541.05;6437.6;7157.55;5630.15;6422.3;7012.9;7114.75;6971.85;7104.75;6788.8;7283
"1012";6387.8;6186.85;6018.3;5869;5649.5;6008.5;6272.8;6027.45;6066.9;6471.45;5874.65;6198.8;6487.95;6324.95;6160.95;5913.15;5708.95;6150.65
"1013";4813.7;4897.64;4862.12;5134.54;5072.52;5145;5060.14;5047.38;4966.7;5109.24;5011.32;5069.22;5106.18;5165.4;5255.46;5327.02;5452.32;5398.28
"1014";6030.4;6282.8;6154.8;6717.4;6563.3;6726.65;6495.15;6491.9;6339.15;6612.6;6426;6587.6;6658.8;6830.65;6983.75;7124.05;7427.45;7234.9
"1015";5209.5;5409;5594;6112;6314.5;6202.5;6007.5;5606;5481;5547.5;5429.5;5522;5758.5;5842.5;5922;6034;6025.5;6099.5
"1016";4638;4654;4869;5775;5927;5957;5625;5078;5140;5097;4889;5199;5394;5511;5461;5312;5367;5667
"1017";4841;5116;5233;5359;5583;5417;5385;5085;4852;5071;4872;4923;4970;4999;5229;5612;5491;5304
"1018";6924.5;6820;6762;7131;6922.5;6991;6880.5;6824;6956.5;6887;6814.5;7022.5;7082;6938;7045;7309;7353;7268
"1019";6374.4;6311.4;6454.8;6724.5;6807;6959.1;7042.5;6899.7;6960;6879.6;7119.9;7230.9;7358.4;7506.9;8001.9;8046;7761.6;8082
"1020";3624;3700.2;3591.8;3823.6;3742.4;3577.2;3576.2;3772.4;3639.4;3973;4089.6;3967.8;4116.2;4300.8;3983.8;4140.6;4460;4217.6
"1021";5403;6378.2;5658;7000.6;6527.2;7110.4;6445;6359.6;6096.4;6980.6;5840.6;6273.2;6202.4;6553.6;6889.8;7145.2;8258.4;7550.4
"1022";3352.5;4750.5;2626.5;4481.5;3167;4735.5;3170;3426;3147;4799.5;3046.5;3565;2237.5;2801;3462.5;2744.5;5808;3856
"1023";6003.85;5961.3;6000.5;6118.95;6118;6135.85;6155.2;6126.55;6077.6;6160.5;6102.3;6085.45;6106.65;6082.85;6154.9;6193.5;6203.35;6260.8
"1024";5778;5887;5888.2;5955;5968.6;5897.8;5807.4;5910;5882;5853.6;5863.6;5816.6;5878.8;5831.4;6002.4;6055.6;6037;6074.8
"1025";9118.7;8979.1;9056.9;9260.4;9251.7;9322.8;9406.7;9298.1;9214.2;9394.2;9272.8;9262.6;9273.9;9250;9308.6;9359.2;9388.2;9484.2
"1026";8067.5;8310.5;8322.5;8517.5;8801.5;8722;8622.5;8556.5;8677.5;8854.5;8712.5;8873;8918.5;8896.5;9102;9067;9043;9045.5
"1027";5663.1;5524;5597.4;5715.2;5665.2;5672.5;5761.9;5694.2;5601.4;5729.4;5763.9;5681.2;5731.1;5687.4;5673.9;5776.9;5766.7;5836.9
"1028";7704.8;7862.4;7358.2;8532;7909.2;8681.6;7954.4;8159.2;8123.6;8906.8;8045.6;8528.8;8454.2;8846;9256.6;9291.4;9670;9618.4
"1029";4917;5184;5411.5;5902.5;5892.5;6074.5;5994;5842.5;5764.5;5838.5;5237.5;5603.5;5995.5;6273;6485.5;6799;6925.5;7020
"1030";7879.5;7791.5;7895;8037;7987.5;8519.5;8086;8121;8228.5;8007;7959.5;8188;8257.5;8323.5;8736.5;8751.5;8664.5;8658.5
"1031";7947.6;8060;8122.3;8447.1;8382.8;8424.6;8287.9;8296.9;8121.9;8256.6;8212.4;8240.8;8329.5;8489;8627.3;8790;8913.3;8798.5
"1032";6974;7295;7359;7184;7313;7365;7105;7215;7148;7386;7554;7600;7606;7594;7756;7875;7591;7624
"1033";3489.5;3754.3;3342.4;3986.7;3812.3;3977.5;3653.3;3730.6;3536.5;3963.8;3732.4;3859;3743.8;3812.9;4005;4029.8;4436.8;4185.7
"1034";5960.2;6025.8;5360.8;6455;5729;6549.6;5824.4;6090.6;5986.2;6770;6018.6;6398.4;6198.4;6565;6975.6;7011.8;7326;7258
"1035";2547;3707;3310;3796;4406;3180.5;3705.5;3426.5;2717;2894;3615.5;3299;3223;2652;2586;2619.5;3869;2783.5
"1036";4603.2;4533.4;4439.2;4412.2;4508.4;4591;4623.4;4663;4643.6;4644.6;4625.6;4596.4;4471.6;4191.6;4102.2;4146.2;4278.8;4409.2
"1037";4150.4;4090.6;4066.4;4249.4;4490.2;4644.6;4711.6;4675.6;4631.8;4525.2;4471.6;4416.8;4414.8;4481;4479.6;4484.2;4534;4550.8
"1038";3987.5;3926;3923;4363.5;4816;5203;5390;5339;5330;5256;5093;5032.5;5082.5;5182;5198;5124.5;5138.5;5145.5
"1039";4983;4885;4810;4812;4932.5;4951;4964.5;4920;4815;4662.5;4591.5;4568.5;4463;4487;4452.5;4538.5;4629;4630.5
"1040";4228.8;4267.9;4273.2;4285.2;4395;4340.5;4253;4279.6;4216.1;4250.9;4372.9;4391.4;4445.3;4607.5;4552;4518.4;4640.1;4620.4
"1041";4505.2;4543.6;4584.6;4584.2;4648.2;4658.2;4590.6;4626.6;4597;4587.6;4512.2;4447;4360.2;4228;4265.8;4331.8;4421;4463.4
"1042";9383;9801;10060;9983;10298;10482;10436;10385;10265;10385;10458;10342;10156;9852;9916;10083;10216;10184
"1043";6795;6940;6940;6990;6910;7090;7100;7035;7395;7280;7135;7090;7175;7015;7045;7130;7040;7115
"1044";3306;3252;3296;3248;3306;3322;3258;3224;3344;3390;3496;3492;3462;3584;3704;3862;3900;3890
"1045";7188;7217;7273;7276;7371;7598;7496;7485.5;7514.5;7330.5;7344;7342.5;7235.5;7149;7173.5;7090.5;7089.5;7088.5
"1046";6051.1;6045.25;6031.7;6090.3;6184.7;6194.1;6134.75;6126.8;6055.2;5987.25;6008.1;5955.2;5887.4;5926.45;5899.7;5911.95;5989.5;5983.1
"1047";5104;5353;5496;5343;5432;5494;5339;5392;5329;5311;5430;5541;5543;5593;5638;5738;5685;5618
"1048";5268;5826;5705.6;4991.3;5414.9;5301.7;4747.1;6021.4;6020;5712.4;6874.9;6203.4;5585.4;6193.3;5675.2;5786;5731.8;5424.3
"1049";4868.8;5873;5694.2;5124.5;5917.9;5249.2;5539.2;6169.5;5568.9;5969.1;6100.2;5964.8;5176.5;6042.2;5838.7;5820.9;6375.8;5529.4
"1050";7981;7598;8014;7167;6879;7702;7062;8422;7827;7530;7131;6766;7109;7510;6570;6200;5784;5768
"1051";6981;6405;6792;5826;5772;6387;6201;6654;6642;6426;6279;6006;6069;6480;5562;5400;4755;4644
"1052";4915;4835;5075;4315;4040;4620;4350;5320;4890;4535;4300;4165;4435;4470;4015;3635;3320;3445
"1053";6290;5790;6130;5650;5260;5870;5130;6660;5920;5530;5140;4960;5080;6100;5330;4400;3840;4260
"1054";7945;7245;7820;7335;6555;7545;6505;7475;6715;6790;6265;6030;6290;7390;5920;5495;4990;5040
"1055";5580;5410;5560;4820;4380;5750;4920;5870;5290;4750;5270;4700;4950;5630;4430;3980;3760;3840
"1056";9056.2;3220.7;8383.6;3984.1;8450.5;5541.7;2406.7;4343;2973.4;6634.4;2675.4;5496.4;7382;3062.6;2222.1;2991;2552.3;1736.4
"1057";4328.5;3833.5;3940;5601;4603.5;4000.5;4127;4262;3120.5;5399.5;2916;2785;3672;2331;2545.5;3158.5;3037.5;2123.5
"1058";3645;5405;5935;5345;4670;4530;5155;4845;5275;4740;4685;5510;5325;6790;5590;5405;7200;5500
"1059";5700;4050;6200;6400;6250;6050;5950;6100;5950;5900;5600;5850;4950;3400;5600;5950;6050;6250
"1060";5865;6042;6420;6585;6879;6949;7150;7549;7625;8108;7652;8317;8307;8379;8399;8673;8973;8862
"1061";5829;6010;5644;5996;6684;6291;6498;7318;7742;8025;8264;8577;8922;9267;8696;8772;8973;9257
"1062";5900;6800;7200;7750;8100;8200;7550;7850;8000;7950;7950;7950;6900;7400;8000;8600;9150;9150
"1063";8050;6750;8300;8900;9000;9400;9250;8800;9600;9450;9800;9650;9600;7750;9700;10400;10000;10050
"1064";4500;6100;6700;6900;7150;7150;7300;7400;7550;7800;7850;7050;5250;7050;7550;7800;8050;8100
"1065";5800;5950;6700;6800;7500;7050;6450;6850;7050;7300;7450;7500;6600;6600;7350;7650;8350;7700
"1066";6400;6450;6550;6500;6400;6750;6850;6550;6850;6800;6650;6900;7100;7000;7300;7050;6850;6400
"1067";6800;6300;6200;6700;7200;7700;6350;5950;6650;6600;7050;6550;6950;6700;6650;7000;7250;8050
"1068";4300;6650;7050;7400;7400;6450;6800;7300;7350;6400;6550;7400;4650;6950;7500;7750;7750;6800
"1069";6300;8050;8300;8950;8800;7800;8100;8600;8850;8050;8450;9150;6950;8700;9150;9350;8800;7950
"1070";2850;5950;6600;6800;6850;5550;6400;6750;6600;5500;5850;6800;3000;6400;7050;7250;7400;6000
"1071";6400;5950;5950;6200;7250;6250;6400;5950;6450;6600;7250;7300;7250;6800;6800;7050;7800;7400
"1072";15950;15250;14850;16400;16250;17100;15750;16200;16350;17100;17100;17100;18650;17550;17700;19100;18350;19700
"1073";9915;9875;9854;9849;9768;9771;9720;9714;9736;9739;9782;9958;9858;9941;9993;10045;10071;10071
"1074";3700;3600;4500;4550;4500;4250;4450;4650;4550;4550;4400;4250;3600;3000;4250;4400;4350;4200
"1075";5900;4000;6400;6500;6300;6100;5900;6050;5900;5900;5650;5950;5000;3300;5700;6000;6000;6200
"1076";5100;3350;6000;6000;5950;5400;5350;5350;5200;5150;4550;5150;3800;2700;4850;4750;5100;4600
"1077";4950;3550;5950;6000;6000;5400;5300;5250;5050;5050;4350;5050;3600;2750;4800;4600;5000;4450
"1078";8905;1045;11940;7100;4725;9385;2885;14525;6725;2455;2435;1665;4020;7445;4310;2470;4860;2990
"1079";2905;1045;5840;1570;2645;2785;635;2165;2695;945;2400;1665;2920;4945;4310;1730;2360;2550
"1080";6000;5900;6150;6150;6000;5000;4150;5600;5500;5250;5300;5250;5300;5450;5700;5900;6000;5100
"1081";5750;5750;5700;6300;6350;6350;5800;6150;5850;5650;5600;5150;5150;6100;6000;5250;5650;5500
"1082";5700;5700;5800;5650;5450;5100;5050;5000;4950;5050;5000;4950;5250;5050;5200;5200;5250;4950
"1083";5400;5550;6100;6200;6550;6050;6100;6850;7300;5950;5250;5000;5200;5600;5750;6250;6500;5900
"1084";8584;8796;8988;9218;9456;9668;9884;9908;9944;9926;9930;9876;9780;9848;9922;9978;9962;9974
"1085";7958;8002;8254.5;8364;8332;8153.5;8065.5;8153.5;8025;7978;7931.5;7970.5;8018;8086.5;8092.5;8248.5;8173.5;8287.5
"1086";5820;5861;5907.5;5958.5;5958.5;5994.5;5997;6008;6041.5;6067.5;6118.5;6268.5;6260;6337.5;6385.5;6454;6501;6541
"1087";5426;5470;5502;5514;5422;5412;5346;5238;5250;5252;5266;5286;5336;5410;5474;5534;5590;5648
"1088";6832.5;6982.5;7074.5;7056;7061;7053;6961;6876;6732;6561.5;6491.5;6401;6371.5;6325.5;6288;6294;6306;6283
"1089";9033;9306;9438;9383.5;9338.5;9235;9090;8955;8772;8638;8567.5;8438;8416.5;8357.5;8302;8231.5;8218.5;8179
"1090";7670;11634;10850.5;15341.5;17233;12129.5;19557;19238;17167.5;18604;17889.5;8796;12101.5;11122;10276.5;14769.5;12643.5;6844
"1091";6450;5725;5900;5500;5140;4700;5025;4765;4930;4910;5425;5400;6035;6320;6520;7155;6905;6415
"1092";18625;16165;15200;14970;12890;9935;14125;15860;14830;16445;17370;17545;19025;19680;23740;29300;22340;24170
"1093";6407.7;6466.75;6549.4;6590.65;6679.9;6739.15;6690.85;6525.4;6452.8;6358.1;6263.5;6187.1;6156.6;6078.6;6090.25;6113.45;6152.1;6194.35
"1094";6490;6575;6575;6955;6470;6075;5720;5895;6580;6650;7090;6865;7145;7155;6945;7090;6710;6215
"1095";7870;6195;7965;8315;8375;9220;7545;8075;9735;9185;8270;9570;8825;7000;9010;9325;9255;10445
"1096";7595;5605;7220;8135;7965;8455;7250;8020;9095;8630;8295;8935;9070;6830;8160;9455;9145;9800
"1097";7350;5250;7750;7750;7300;6500;5850;6450;6700;7350;7450;7550;7150;5350;7550;7450;7100;7000
"1098";8920;6930;10355;10630;9730;9690;10635;9785;10530;9895;9005;8920;7765;7170;10020;10545;9995;10025
"1099";7045;7330;7660;7710;7870;7530;7550;7880;7925;7815;7930;8150;7270;7820;8305;8355;8420;8010
"1100";6000;5750;6050;6050;6100;6350;5900;6250;6900;6500;6500;6750;6850;6700;7050;7150;7300;7700
"1101";6550;6350;7000;6550;6500;6550;5950;6600;7650;7050;7100;7450;7450;7200;7950;7800;7800;8200
"1102";5150;5350;5800;6000;6200;5550;5400;5600;5700;5900;6000;6000;5350;5350;5950;6200;6350;6100
"1103";6450;4550;7100;7550;7800;7900;7500;7800;7850;7900;7900;8050;7100;4750;7650;8000;8350;8350
"1104";7950;7600;7750;7900;8150;8100;8050;8200;8550;8550;8600;8750;8250;8550;8800;8950;8800;8650
"1105";14000;11035;15215;16085;15090;20055;19745;22525;20170;21670;18875;11395;17270;14270;15880;14285;17210;18600
"1106";7450;7250;8300;8450;8650;8050;7900;8100;8350;8600;8550;8550;7750;7100;8250;8400;8550;7950
"1107";7500;7650;8550;9000;9050;9050;8750;8850;9150;9300;9150;9150;7650;8450;9200;9600;9700;9750
"1108";5750;6650;7800;7900;8050;7900;7450;7850;7850;8100;7850;7800;6250;7150;7950;7750;7900;7900
"1109";6200;5800;6250;6250;6350;6050;6000;6050;5950;6100;6250;6200;5950;5550;5950;6050;6050;5850
"1110";5800;5650;6650;6900;7000;6650;6750;7000;7300;6600;6800;6800;6050;5700;6750;6800;6900;6550
"1111";6900;7240;7550;7545;7620;7085;7095;7515;7630;7615;7825;8120;7055;7725;8265;8285;8220;7580
"1112";7795;7870;8320;8285;8465;8360;7985;8075;8250;8020;8245;8415;8350;8325;8565;8480;8630;8615
"1113";5645;5730;5820;5920;6000;6090;6125;6215;6240;6265;6315;6355;6420;6375;6460;6465;6490;6485
"1114";24385;24560;24165;24620;22785;22390;21230;21890;21540;21885;21340;21505;21255;21320;21660;20815;21710;22085
"1115";6200;5900;5900;6050;5850;5700;5700;5500;5250;5300;5000;5050;4800;4900;4700;5100;5000;4750
"1116";8663.5;8698.2;8690.2;8702.7;8700;8733.1;8686.8;8770.8;8824.7;8833.9;8831.4;8884.2;8881.8;8872.2;8918.2;8945;8993.2;9010.3
"1117";6050;6260;6090;6190;6220;6400;6070;8030;9370;8060;7440;7490;8560;8630;7940;9500;8210;8970
"1118";10960;10980;11000;11050;11050;11110;11090;11040;11010;11020;10980;10990;11050;10910;10960;10920;10900;10890
"1119";7468.4;7593.8;7549.2;7821.2;7742.6;7883.4;8141.4;8248.4;8395.8;8237;8344.6;8233.4;8553.4;8471;8505.8;8594;8595.2;8423.2
"1120";6960;7610;3040;10000;2830;5220;8700;7610;6520;3040;6960;5650;7390;3480;7390;6520;5650;4350
