"1";2280;480;5040;1920;840;2520;1560;1440;240;1800;4680;1800;1680;3720;2160;480;2040;1440
"2";1440;840;1440;1560;1080;360;960;1320;1080;1680;1080;840;840;600;1320;1320;2280;1440
"3";6540;4920;1710;3420;5910;6720;4650;2550;8640;7680;6720;5190;5190;5910;4800;5640;5790;4230
"4";7420;4260;2740;3200;7140;6960;5760;2280;12300;8800;9660;5860;6600;8100;7760;6940;8020;6400
"5";7350;6500;2700;8700;9250;10250;9550;6450;9800;12450;10050;8400;10000;10950;10700;8800;7550;8800
"6";450;2400;3000;1650;1950;750;3150;2700;6150;1500;1650;1650;4050;1650;3150;150;3900;2100
"7";2100;3300;5550;4800;3600;5100;3000;2850;5250;1800;3600;3300;5850;5100;3450;3600;6000;2700
"8";3000;3000;2550;2250;3900;4200;2550;1350;7950;1950;1500;2250;4950;1650;4200;2700;4800;1950
"9";2820;5620;3380;1480;2320;3320;4380;2200;3540;2480;2060;2820;2820;2280;2740;1140;1900;4240
"10";4380;5080;4740;3800;5060;4260;4540;2900;4500;3540;3840;4080;3620;3820;4880;2800;3640;4100
"11";2920;3540;2620;2540;2100;3900;3940;2200;3640;3000;2600;2800;2400;3420;2980;1780;2800;3520
"12";7360;980;1180;2940;8840;3780;1140;2200;4000;10120;300;6860;3540;3540;120;2400;14320;140
"13";2700;2500;4650;2750;9250;2100;1650;2150;5000;2550;3750;3100;3000;2250;1650;3800;6850;2100
"14";6450;4800;6800;2800;6800;4900;3350;2600;3500;1700;1100;3200;5150;4450;7000;2450;9950;2500
"15";3300;2000;2920;1300;2720;2740;840;1280;2140;580;980;1880;2460;1680;1340;840;1860;1360
"16";2640;920;2040;820;260;1880;1180;620;1460;460;560;1120;1440;1320;800;640;1220;1180
"17";840;4320;1260;2280;1560;2040;2400;1200;960;720;2520;3240;2040;3240;4600;2520;1800;1560
"18";2160;1920;3480;2040;3120;3720;1800;3360;2400;3000;3120;1800;2280;4080;1680;2400;2880;1440
"19";2800;2400;1850;1850;2900;1300;4000;3300;2950;1950;3750;3000;2200;2900;3900;3350;1500;3050
"20";4250;2750;3950;4300;4350;2450;3450;4450;3650;2350;1900;3000;3200;4450;5350;4050;3000;4150
"21";5800;6000;6700;4200;4400;4800;3600;3200;2100;3000;2400;3400;2600;6000;5100;4100;2900;2900
"22";4700;5000;5700;2000;2200;3000;2300;1700;1700;1400;1400;3600;1900;3700;2600;4100;4300;5900
"23";2805;3770;2570;1890;2840;2330;3040;2205;3315;4295;2185;3065;2915;3065;3600;3620;2120;2150
"24";2350;2850;850;1900;4300;3600;3100;650;1250;1450;1300;1500;900;2500;2350;850;1150;2050
"25";3090;3468;2870;2824;3594;3348;3592;2770;3570;4020;3368;3954;3404;3984;3910;3784;3682;3454
"26";2900;2850;1250;2000;1350;4650;1300;1100;2750;2350;1400;1900;500;850;2550;3950;2850;2900
"27";3520;4300;2740;2640;3420;3260;2900;2600;4120;2300;5320;2800;2240;3780;3440;2720;2400;3240
"28";2900;4520;2680;2840;2460;2720;2780;2740;2600;3180;3260;2720;3520;4280;3660;3880;3300;3640
"29";7600;7350;7150;6950;5750;10700;7400;6300;8550;5650;7750;6200;6800;6950;8800;6750;6300;5000
"30";8700;13500;6400;8700;8000;11100;8100;12100;10000;9700;12500;9300;11000;8300;12800;6800;13500;13100
"31";3600;1900;3100;1700;3500;3400;3300;1600;5600;3500;3400;1000;1600;5300;4200;1900;2200;2100
"32";3300;1750;2150;1950;4450;2400;3850;2900;6000;4400;3900;2200;1850;2700;4250;1150;1800;2150
"33";2240;2840;1840;1880;3140;1760;2380;3340;3080;3220;2240;2320;1540;2640;2400;1400;2500;1740
"34";1740;3140;2900;2440;2940;2100;3060;2480;1980;4080;2280;2680;1880;2040;2660;1140;1440;3140
"35";1450;1400;2600;1300;3850;2150;3300;3200;1650;1550;1450;1900;1350;1750;2300;850;2150;1750
"36";4550;5150;3500;3950;5350;3100;8450;3550;4900;4600;5050;5350;3100;6100;6800;3600;5550;2350
"37";2750;2900;2350;1900;2000;2850;3150;2750;4650;2800;3850;5300;2850;3950;5500;4650;2450;2950
"38";1500;3650;1200;1300;1400;2900;1500;2350;1700;2550;2250;2100;1200;2050;5200;2350;2150;1700
"39";3900;5720;4320;3780;4520;7360;4940;4300;7000;5420;5280;5260;4280;4960;5420;5600;6000;4060
"40";5000;6550;4000;4350;5100;4200;2900;4600;6850;4150;5500;7100;3750;3300;5600;2600;3300;3250
"41";5340;5940;5040;2220;6180;4280;4140;7180;6680;5720;4180;6540;4820;5800;6420;4520;4120;4240
"42";3400;3500;3250;1100;3600;4650;3900;3450;6100;3100;2100;3300;2050;5500;4650;3550;3600;3050
"43";1800;4900;5200;2300;6700;5700;3400;5900;2900;6700;3500;8200;3700;7700;8000;9800;6900;7000
"44";3850;6150;4700;6300;3800;2750;3550;5150;3650;3650;3550;5550;1750;5250;8650;4400;5950;3200
"45";2210;3070;3250;1820;2790;2470;2890;3510;2570;4570;980;3170;920;4130;2880;630;1900;2410
"46";3810;5660;4315;3680;4075;4120;4160;3280;3805;4860;4275;5445;4620;4225;5320;3695;4630;5775
"47";1240;2540;2210;1270;1350;1370;1600;1790;2220;1000;840;2430;1040;2860;1620;970;350;1860
"48";4280;4625;4115;3405;4080;3630;4605;3975;3355;5275;3120;5635;4545;4590;5335;4855;4365;3750
"49";2760;2420;5080;1540;2700;1380;2660;2040;1820;3160;2460;1860;2440;2080;2260;1160;2060;2160
"50";4200;3780;3220;2520;4120;3300;3540;2040;1400;4940;2680;3300;3260;2980;2720;2680;1720;3120
"51";3840;4040;3520;3020;4160;4900;4380;2480;3740;4680;4260;4340;5120;3680;4280;5300;4640;3540
"52";4840;6100;6620;4100;5980;4760;5000;6040;5740;5060;5700;6380;5440;5940;4840;5120;5380;4480
"53";3070;3720;2990;4320;3350;3360;3820;3250;3880;3170;3610;4140;3210;3510;5030;3890;3920;4650
"54";5220;6020;3240;5340;5240;5680;4720;5100;5580;6080;3720;4340;5440;6440;5340;6680;6140;5580
"55";3000;3660;1880;3140;3040;3100;2900;3560;2140;3120;2460;1820;3480;3100;3000;3120;4040;2620
"56";2200;4150;4650;3700;6400;7600;3650;3600;3400;6400;4750;4500;5700;7800;6700;6200;3550;2800
"57";2900;3100;1850;3300;2900;5900;2450;2700;2850;3600;2100;3850;4000;3450;5450;6650;3050;3650
"58";3100;3250;3450;3800;1450;1850;1250;2200;2600;2550;3100;1200;1300;2700;3000;1450;1550;2700
"59";4500;1200;500;1500;4000;4600;2100;1200;7100;2500;2700;5100;2100;1800;3700;3100;4800;4800
"60";3340;3170;2340;2120;4610;5170;2070;3400;2630;3760;1800;1430;1790;3350;4750;1250;1700;1510
"61";3140;2640;3205;2395;4120;5770;3045;3640;1810;3620;2145;3520;3470;6375;2710;2485;3155;1595
"62";3805;4340;3370;4245;4350;3025;3020;4250;4085;5355;4165;4170;3540;4775;6285;3580;3135;4280
"63";3420;6620;5360;3180;5300;9540;5820;5620;4120;5440;4660;5860;2920;7320;9400;5560;5420;6040
"64";2230;2410;3550;1110;1510;2790;3290;1810;1320;2360;1300;980;3020;2420;1750;1600;2460;2750
"65";1600;3750;1700;1350;6000;3850;1550;1700;3850;2400;3800;4350;4100;3450;3150;2400;3800;2350
"66";6860;5060;7995;5990;5935;5540;5310;5970;6290;7355;4290;5275;5880;7515;5210;4350;4080;4060
"67";8420;6140;5285;5100;7595;8260;9495;6415;6360;8605;5515;6595;7365;12940;10105;6360;8900;4670
"68";2960;3280;1120;2180;2890;3930;930;2470;2800;1610;2650;3830;1580;3730;2480;4450;3060;2360
"69";8802;9347;8674;8388;9900;8573;9956;7929;10842;11579;9002;10517;8258;10333;12955;9567;9189;10405
"70";3080;7150;9860;2720;8610;9620;5270;2640;6190;4450;6570;3260;5170;5370;3460;5800;4590;3640
"71";5798;6438;7096;5576;6544;6946;6476;6210;6848;7814;6588;6462;5264;6752;6704;6710;7204;6102
"72";9750;7650;10750;8900;8900;10600;7700;8550;9350;9700;8400;8950;6900;7100;7650;8150;10600;7900
"73";4300;4000;4500;2800;4400;4300;3700;2500;4000;3200;3100;1100;2300;5000;1800;4250;2600;2200
"74";6150;6000;4020;5640;5220;5100;4740;6420;5280;6660;5050;6780;5160;6360;6060;5340;6840;5100
"75";1080;1830;1560;1410;1650;1470;1350;1800;2975;1360;1650;2100;1410;1440;1305;1320;1530;1530
"76";6992;7320;6744;6336;6252;6720;7020;6900;8090;7696;7872;8698;7298;7572;8604;7656;7716;7044
"77";5900;5100;7860;6760;7980;7880;7480;8380;7620;7740;7000;7540;7360;8760;8020;8900;9140;7860
"78";4000;3100;2950;3100;3800;3250;5350;4150;4750;3600;3050;2950;2600;2600;3550;4350;3400;3450
"79";3220;4360;3620;3620;4120;4520;4680;4540;4240;3360;3320;3200;2700;3160;3200;3660;3720;3520
"80";5740;6600;8280;6700;7140;7280;9380;8560;8480;7740;7200;7320;6400;6740;7560;7820;6200;7580
"81";4190;4940;5010;5430;5410;5240;4740;5180;5200;4890;3800;4680;4330;4210;4640;4810;4960;4560
"82";7100;6850;7620;7220;9070;8340;8790;8740;9240;8900;7700;9780;7880;9020;8980;9170;9480;8750
"83";5430;5410;6030;5740;6520;6080;5990;6750;6770;6320;5960;6190;5250;5910;6430;5950;5060;5400
"84";4640;5420;5760;5040;6540;5380;6870;6890;7100;7090;6110;6230;5760;7780;6830;6870;6340;7520
"85";3800;4320;4900;4680;5120;4720;4800;5220;5720;6100;6080;6440;5040;5960;6560;5680;5740;5760
"86";7360;8620;9940;8980;9540;9840;9680;10900;10720;10280;8860;9680;7960;10320;10740;9440;9300;10300
"87";10100;9350;8900;6350;12150;11700;14100;9100;8450;13400;9000;16700;12700;10500;12300;13350;16500;11600
"88";6840;7300;8160;7480;8220;8620;8760;8860;8820;8100;8420;8640;7080;8520;9240;8900;8440;9900
"89";2640;1260;2520;1930;2160;1860;2290;2840;2720;2450;2820;1860;1740;2340;2100;1260;1560;2220
"90";1400;2400;3200;2100;2450;2450;2200;3900;3150;2500;3000;2700;1850;2450;3700;1400;2900;1900
"91";3700;4300;4350;4550;3850;4650;5750;5500;5200;5500;3850;4650;4000;4550;4850;5300;4750;4050
"92";3080;2660;3340;3140;3020;3220;3040;3340;4200;3280;2980;2940;2320;2620;3200;2880;3400;2920
"93";6400;6580;6120;6580;6040;6480;5880;6860;6680;7380;6380;6540;5440;6400;5880;6380;6320;6140
"94";4400;4200;4640;4250;4490;4660;4180;4660;4890;4930;4370;4590;4300;4600;4990;4440;4820;4330
"95";5370;5510;5990;5240;5880;5620;5700;6120;6590;6350;5870;5770;4850;6770;6460;5650;6140;5450
"96";4150;5010;4820;4170;4980;4670;4750;4770;5900;5320;4550;5160;4080;5070;4610;4650;5070;4670
"97";3470;3350;3740;3370;3320;3750;3210;3870;4270;4200;3790;3920;3480;3160;4070;3420;3810;2950
"98";3560;4200;4200;3160;4060;4800;4380;4100;4940;4420;3860;4000;3540;4480;4760;4240;4540;3620
"99";2400;2720;2840;2220;2320;2860;2980;2840;3000;3520;2780;3140;2480;2720;3040;2540;2660;2340
"100";5160;5210;5750;5920;5950;5430;5090;5520;6180;6620;5510;5410;4810;4840;5960;4860;5050;4360
"101";3908;4494;4980;4338;5004;4474;4646;4642;5256;5472;4952;4960;4004;4820;5032;4562;4774;4408
"102";4960;4670;5690;5175;5725;5035;5965;5180;5810;6065;4945;5540;4735;4830;5275;5300;4655;4470
"103";5400;5800;6400;6650;7700;7450;6350;6600;6600;8550;6100;6900;6200;7750;8150;5700;6850;6500
"104";5050;6000;6750;5550;6000;6750;6150;8600;8500;8050;6650;5750;4550;7850;5700;6950;6800;7550
"105";3550;3600;4140;3635;4140;3860;3575;4070;4525;4590;3955;4050;3400;3955;4310;3905;4190;3945
"106";3620;4300;4580;4340;5200;4980;4600;4860;5340;5840;5060;5380;4520;4780;5040;4860;5460;4700
"107";4200;4300;4500;4950;4600;5400;4750;5550;4800;5900;5800;4950;4000;4000;4500;3850;4350;4100
"108";4400;5200;4500;5500;3900;4000;4900;4400;5100;6200;6800;4800;3700;5100;5200;4300;5700;3200
"109";5150;6100;5650;6500;6450;6450;5850;5650;7200;9150;6550;7700;5250;7000;6850;5400;7150;6600
"110";3550;3000;3200;3600;4050;5200;4250;3950;4700;4300;3250;3900;3450;3700;3750;3200;3550;3700
"111";3050;3050;3250;3050;4850;3800;4350;4500;5050;3800;3500;3450;2750;4050;3600;3500;4150;2600
"112";5750;5850;7150;6350;6750;7650;5950;7050;6900;8350;6800;6600;6050;7350;7350;6550;6650;5500
"113";2040;1910;2030;1630;2150;1990;1950;2060;2000;2160;1870;1990;1620;2080;2140;1740;2110;1770
"114";4500;4880;4180;4800;5080;3920;5140;4800;6100;5500;4900;4880;4360;5000;4880;4060;4680;4580
"115";3000;3960;3820;3300;4320;3320;3460;3900;3680;4260;3660;3680;3600;2860;3620;3180;3840;3360
"116";7100;6300;6250;5600;7650;7250;6550;6850;8050;9050;6850;7100;5700;7450;6250;6250;6850;5850
"117";3700;3150;3000;2850;4150;3300;2950;3750;4950;3550;3150;3900;3450;3700;3150;3450;3450;3200
"118";2900;4950;4400;3800;5200;4200;5650;5500;4250;5450;4600;4650;2850;3700;3650;3850;4450;4100
"119";4400;7500;6800;5050;4400;5500;5450;5350;4800;6600;6200;5850;3850;5800;5800;3450;6350;4450
"120";4800;5700;5900;6850;6100;5700;6500;6000;5800;6600;7550;5750;5100;6450;5400;5450;6500;6400
"121";7700;7450;9100;7800;8500;8300;8400;8150;9100;8850;9200;9650;6750;6700;8900;7200;9550;8350
"122";3780;4520;4740;3880;4180;4280;4460;4080;5100;4020;4560;4640;3920;4660;4240;3940;5000;4380
"123";5940;6220;6160;4760;5820;6120;6300;6220;6440;6300;4820;5780;5680;6560;6320;6160;6760;6100
"124";6280;6700;6360;5360;6360;6680;5800;5580;6400;6880;6560;6860;6240;6820;6800;5920;6320;6100
"125";5380;6020;5800;5340;5800;6420;6040;6100;6100;6220;5580;5140;5920;7180;6740;5960;5720;5760
"126";3600;4460;4480;3840;4240;4620;4660;4480;5280;4680;3920;4280;4040;4120;4220;3980;4680;4020
"127";5500;7250;7400;6000;7200;7950;7250;6850;6200;7750;7050;7600;7700;8100;6650;7500;7650;6350
"128";2900;3950;5400;2950;3550;3500;3050;3750;4500;4150;4950;4050;3700;3700;3250;4050;4950;3750
"129";3800;3600;5700;4000;5000;6000;3600;4100;4500;4900;5200;3600;4500;4900;5000;4500;4700;5300
"130";2500;2600;2700;3250;3950;3250;3250;4200;3400;3100;3000;2450;2950;2250;3050;3350;2850;3300
"131";1880;2120;2460;2100;2380;2020;2380;2520;2580;2580;1980;2240;1940;2000;2180;2280;1880;2040
"132";2040;1680;3240;2540;3160;2820;2960;2280;2580;2700;2220;2800;2380;2180;1960;3000;2600;2140
"133";1980;2280;3520;2000;2760;2760;2680;2540;2340;3240;2020;1880;2840;1660;1520;2460;2500;1880
"134";3300;3300;4800;3400;4750;4900;4700;3750;4450;4650;3350;4200;4500;1900;3950;3750;3450;4150
"135";4400;5000;4300;2800;7300;5400;5000;4600;7000;5400;4800;5800;6600;3600;5900;3800;4500;4200
"136";4130;3640;5300;3780;3910;3390;4520;2970;3250;5520;5090;6190;3610;4410;4970;5080;4290;4470
"137";4300;3850;5250;3100;4500;4850;6500;4550;5350;5100;4000;6000;4900;5600;5650;3650;4000;3800
"138";8050;7650;6900;7500;7050;8750;6950;8150;7900;10250;6300;9400;7250;8050;8700;6600;6750;7050
"139";3940;4020;4280;3760;4620;3800;3620;4260;5380;5020;4000;4380;3320;4160;4220;4140;4740;5100
"140";2760;3060;4060;3440;3720;3380;3620;3740;5420;4100;3960;3880;3500;3740;4380;3380;4020;4580
"141";4440;4480;4120;4060;4300;3700;3500;3820;4480;5600;3760;5540;3560;4680;4020;3080;4020;3940
"142";2040;1660;1780;1540;2280;2040;1800;2220;1720;1760;1660;1560;1620;1180;1380;1220;1740;1620
"143";3980;3260;3920;4100;4620;4400;4100;4160;3800;3760;2900;3600;3200;3440;3400;2940;3520;3420
"144";3640;4220;4220;4200;4640;4460;3860;4020;3940;3800;3580;3700;4060;3900;3920;3780;3040;3180
"145";2960;2840;3600;2980;3220;3560;3060;3660;3240;2560;2200;3440;2360;3220;2700;2500;2520;2620
"146";4650;4650;4100;5450;5700;5450;3650;5600;4500;4750;4250;4450;2850;3800;4750;5050;3900;3900
"147";4500;4100;4650;4450;5450;4350;4500;4900;4750;3950;3050;3750;4150;4350;4150;3350;4500;4100
"148";6350;4850;6900;5600;5700;6250;5500;5950;5450;6150;4400;5150;4450;5200;5200;4750;4850;5600
"149";8150;6550;6050;7600;7750;7150;5900;6350;6050;6400;4900;5500;5100;6450;5350;6250;6400;5350
"150";3950;4350;6100;5450;7200;5050;5250;5100;4950;5100;4500;5550;4850;5100;5100;5250;5350;5550
"151";3550;3750;3550;3900;4550;4150;2950;4700;3100;3350;2150;4000;3900;3100;4050;2500;3700;4600
"152";8450;8600;8100;8750;10650;7700;7100;8400;8600;8400;7450;8150;6850;7600;8250;9300;9650;6850
"153";7600;6050;7500;7600;8400;7950;6700;7650;6850;7150;5850;7450;5900;6800;8050;6700;7650;7050
"154";7050;6450;9450;5400;10900;9400;8800;10800;10050;10550;9650;10150;8150;8250;8800;9850;9650;9650
"155";4130;4340;4630;3940;5640;5230;5220;5420;5120;5610;4940;5130;4400;5350;4960;5420;5770;4710
"156";4600;4470;5280;4130;5730;5230;5440;5380;5480;5350;4420;5690;4520;5280;5540;5080;6120;4400
"157";6600;7220;8040;6840;9100;8160;9360;8360;8500;8080;7520;8520;6740;7520;8260;7140;8420;8040
"158";4740;5160;5460;4880;6020;5900;5240;6020;5820;5200;4720;6160;4800;5960;5820;6700;5340;5960
"159";7800;8000;8150;8000;11200;8450;9850;9800;9400;9300;8200;9200;9050;9500;9900;8200;9950;9850
"160";6750;5950;8400;5150;9000;8050;6250;8000;6100;6300;5700;5950;5900;7700;8250;6650;7500;5800
"161";5950;6400;6350;5800;8900;7900;8100;7000;7350;6100;6400;6850;6050;7400;7100;7100;7700;5650
"162";7500;8500;8600;6850;10150;9400;8800;8250;7300;8400;7450;7850;6850;8950;9550;9000;9350;7850
"163";3140;2780;3220;2840;3120;3460;4120;3380;4100;3820;3740;3640;2700;2960;3760;3340;2920;3240
"164";5660;5660;7020;6940;7380;6280;7040;7540;8280;7060;6780;7880;5760;8020;7380;7120;7240;6760
"165";6120;6000;7200;6280;7220;7460;7320;8020;8260;8880;8240;8840;5860;8420;7800;7980;6680;8100
"166";4760;4160;5000;4940;5900;4700;5040;5820;6420;5660;5160;5400;4000;5560;5740;5540;4940;5600
"167";6250;5550;8100;7850;6850;7050;7400;8300;8550;6850;7350;7650;4850;8350;9750;8350;7150;9500
"168";3100;3700;4150;3950;4450;4500;3450;4000;3750;3450;2850;2850;2350;3950;4200;3350;4850;5050
"169";5700;4950;4950;4250;5300;4400;5000;5850;4300;5550;4400;4450;4450;4700;4800;5000;4500;4400
"170";7050;7200;6150;7700;6900;6750;7200;7100;7550;6550;6550;7550;5600;7850;6900;6600;8400;6650
"171";6360;6520;7090;6140;6710;6680;6760;7390;8050;8040;6210;6700;6180;7240;6610;6830;7400;6550
"172";4200;5380;4640;3680;4280;4240;4160;3960;4940;4740;4660;4060;4360;4580;3860;4460;4640;3660
"173";3200;4300;4150;4050;3600;4700;5200;3700;3450;3650;3000;3400;4050;4150;3550;3350;4000;3550
"174";1850;2000;2350;1650;2150;1650;2700;1550;3050;2700;1450;1600;2050;2150;1750;1900;2000;1800
"175";4850;5200;5150;4900;5350;5600;5350;6850;6000;5800;4150;6250;4400;5300;5200;5850;4200;3850
"176";3950;3100;3300;3800;4150;3450;3150;3400;3550;4450;3850;3200;2800;2900;3100;3750;4150;2900
"177";6300;5600;6400;7100;5500;6900;6700;4900;6300;7800;6000;5700;6500;5900;5500;4700;6900;4500
"178";2720;4060;4360;4000;2780;2900;3300;2920;3540;2340;3700;2540;2980;3540;3240;3300;1760;2760
"179";3260;1940;3240;2860;2600;2320;1860;2220;2820;2900;1900;2460;1380;2880;2520;520;1100;1600
"180";4620;4760;4960;3520;3260;4380;2560;2040;4000;3840;2780;3060;2260;3940;4040;2960;1040;2440
"181";3720;2520;3000;2540;1500;2580;2100;3280;3080;2940;2340;2740;1360;3660;3100;2380;1240;1960
"182";1840;1880;3780;3960;2640;2940;2380;2180;2620;4420;3260;4280;1860;3000;1440;1360;3000;2400
"183";2040;1320;3780;4580;1760;2820;1640;2880;2300;2920;2640;2880;1200;2200;1440;960;2180;1320
"184";3060;2920;4320;4080;2840;4040;1540;3640;1600;4820;2640;2220;1920;2760;1220;1340;2920;1440
"185";1840;2500;3060;3200;3520;4400;1760;2760;2460;2680;1680;1920;2300;2400;1560;1080;2280;1320
"186";4220;2200;3520;4740;2980;3040;1920;2780;2920;3840;1680;1740;2240;1660;1220;980;5120;1800
"187";3520;2440;3060;3980;3240;3840;2400;3620;4760;3740;2100;2420;1680;3720;1760;1120;3260;2300
"188";1610;1470;2190;1890;3700;2070;2320;1810;2170;2090;1380;1580;1110;1060;1220;1060;2220;1020
"189";3200;3110;4100;3920;6740;3880;4610;3910;4690;4340;3660;3860;2870;3530;3640;2470;2630;3480
"190";3865;4350;4490;3840;5905;4720;5040;4735;5780;5540;4705;4600;3920;4240;4715;4185;4325;4255
"191";2796;3268;3938;3626;3820;3414;4232;4048;4090;4160;4124;3360;2972;3176;3606;3490;4142;3482
"192";5254;5896;5724;6178;7158;5950;6986;6730;6998;7324;6708;6134;5070;6500;6796;6024;6364;5840
"193";6838;7404;8088;7428;7262;7562;7054;8552;8612;8882;7400;7112;6108;7182;8332;6824;7982;7812
"194";6100;6642;7222;6450;6802;7472;6448;7000;7348;8100;6048;6668;5876;6134;6864;6300;7920;6784
"195";3836;3790;3488;3608;3816;3778;4250;3776;4468;4106;3678;3868;3432;3382;4118;3652;3856;3334
"196";3925;3930;4230;3770;4560;4040;4020;3915;4910;4825;4800;4775;3870;4560;5435;3905;4385;3670
"197";2760;2670;2415;2350;2975;2220;2830;2245;2740;3300;2700;2170;2040;2400;2520;2190;2880;2410
"198";4610;2310;2520;3100;2680;3210;2620;4350;3200;3330;3100;2550;1920;3590;3000;2570;3390;2430
"199";1360;1990;2310;2190;2290;2230;1820;2010;1910;3240;1840;2070;870;1620;2160;2070;2820;1600
"200";2680;2560;2960;2960;3380;3440;3380;3580;2720;3500;2420;1700;1260;1800;2240;1880;4120;1480
"201";1920;1860;2600;2660;2520;2940;2700;1980;2300;2540;2040;1880;1760;620;1960;1700;3640;2320
"202";1580;2060;2540;3700;2540;2620;1760;2000;1960;2900;2060;3080;740;1000;980;1480;2900;520
"203";980;1580;1920;2900;3780;3660;1920;2320;2000;3280;1380;1720;1120;1100;1560;1040;2780;1820
"204";1580;2200;1560;2640;2280;3180;2420;3140;2700;2060;2540;1720;2180;900;1200;760;3040;1260
"205";760;2780;2280;2640;2880;2340;1400;1980;2260;2600;2320;2060;1240;1700;1100;1700;2320;1920
"206";4320;5400;4320;3360;2880;3120;3720;3120;1560;2400;3240;3480;3600;3120;2160;5520;5760;4680
"207";6360;3000;5040;3000;6480;7440;1680;3000;2400;7320;1560;3600;1800;1320;4320;1200;3480;3360
"208";2550;2430;2970;2550;2370;2910;2010;2880;2730;2580;2460;2220;2430;2190;2820;2490;2670;2010
"209";1440;6960;2520;2400;4440;2160;1800;3240;3480;4080;4560;4680;1920;1440;3960;3600;6840;2760
"210";4320;3960;4440;3480;4560;6720;3360;3480;2280;7440;2520;5760;720;5280;1080;2160;3000;5760
"211";2220;3720;7020;2820;2400;3840;5040;4860;4260;2280;1500;5340;4380;3060;1980;2280;5520;3900
"212";3408;3156;3828;2846;3060;2964;2712;3468;3132;3336;3012;3132;2880;3744;2544;3120;3264;2616
"213";1500;4500;1200;3000;3900;600;2400;1550;1800;1200;2700;1200;2700;3600;2100;2700;3000;3600
"214";2340;5760;5040;4320;4260;4260;2940;4260;4080;3600;4980;6540;3180;3420;3300;3540;4140;4620
"215";3660;4140;4980;3780;6660;5160;3120;5340;2100;7140;3900;3480;4560;5820;3420;4620;4860;6000
"216";4800;5400;6000;5450;9600;5400;8700;3300;3900;6000;4800;7200;3900;1800;2700;6300;3600;2750
"217";4230;5280;6540;3240;6150;4800;6210;5940;4595;5160;3660;5880;5550;3990;6210;3540;5190;5165
"218";4985;4310;5990;5515;5760;5820;4995;5950;5145;6215;4415;4780;4120;4980;5870;4905;5300;4320
"219";4380;3900;5580;3870;5250;4740;3150;3930;5220;4860;3630;5250;4170;4560;4260;4530;5040;4380
"220";1890;3360;2850;2850;2970;2610;2910;4290;2040;3090;3840;3120;1830;3180;2850;2910;4140;3180
"221";3120;1860;3720;3000;2820;5160;2880;4260;1200;5940;3720;4320;1020;4740;3600;2160;3120;3240
"222";4230;5460;5850;6030;4800;5490;6420;6180;5580;5160;3930;6330;5610;5430;4650;4410;7500;5070
"223";1200;3240;1440;1440;1800;2400;2520;2160;2160;3600;2160;2160;2400;2040;2280;1560;1080;1800
"224";2700;4200;6300;900;3300;4200;3600;3300;2700;5400;3000;6900;3600;2400;3000;4200;8100;2700
"225";2520;5520;4440;4200;3120;2280;2760;6120;4080;5400;6360;1920;2880;4800;5400;3480;3720;5400
"226";4680;3840;7440;3240;4200;4440;3600;6360;4800;5160;2520;6600;4320;4920;4320;4440;5160;2640
"227";1920;3120;4320;2520;2280;2880;3600;4320;1560;2420;3120;2040;2040;4200;3120;2160;5040;960
"228";6300;3300;5100;2400;2700;2700;5100;6000;6300;13800;12000;8100;4500;7500;5400;3650;6900;1850
"229";3720;4200;3360;2460;3120;3060;2820;2940;2100;3480;3120;2220;3000;3180;2220;3300;2820;2340
"230";2520;2820;4140;1860;2760;1320;2220;2040;3420;1860;1380;2040;1740;1440;3180;1740;2280;1320
"231";3300;4500;2100;3300;1800;1500;3600;1500;3300;3950;1200;2100;4500;3300;900;5400;1200;600
"232";1080;3120;3960;2040;2400;2160;1200;2160;1200;2280;1320;1320;1680;2040;2640;1680;3960;1200
"233";6000;2100;6000;4200;5400;2100;3600;3000;3900;4200;4200;7500;2400;3000;1200;5400;5100;3600
"234";2760;4200;2280;2520;1920;1320;2880;2160;2520;2880;3600;2640;1920;4320;2520;3120;3000;4080
"235";7500;2100;2700;2700;3000;1800;4500;4200;2400;4800;3900;4800;900;1800;3050;2700;1500;2700
"236";2700;4500;6000;6300;6300;6900;1500;7500;3900;3900;6300;6900;4500;2100;6300;3600;1200;7800
"237";5040;5280;8760;5760;9240;6600;8400;6840;5520;7800;5280;10560;6240;9000;5280;5640;9960;8520
"238";2160;3720;2760;3600;3960;4320;2640;2880;3960;6960;2880;4920;2400;6840;3720;3720;2880;2880
"239";2160;2160;3480;3600;5040;2880;2760;3360;2280;2280;3480;2520;1440;3000;3960;2280;2040;1800
"240";4200;5700;1700;2100;2100;2700;2700;4500;2700;1800;2400;2100;3300;3600;1200;900;900;2100
"241";4800;6000;4500;8700;9600;5400;8700;4200;5100;1500;5100;5400;3600;3000;3900;1800;3000;4800
"242";1800;3840;1560;1920;2040;3960;2760;2640;5040;3000;3960;4320;2760;3120;4800;1680;2400;3480
"243";5850;3000;4300;5950;7150;2900;4200;6350;5550;4250;1550;6450;2150;3650;4350;6600;3600;4600
"244";2950;4100;1900;2250;2450;3750;2400;3350;3050;3700;3250;3700;2350;2400;2400;3150;2500;3100
"245";3900;5050;2400;2350;3500;4600;3600;3200;4750;5000;1900;5050;2950;3350;2600;3350;3400;3150
"246";3100;3100;2550;3100;2900;4450;2300;2900;3100;3600;2450;3600;2750;2250;1900;4050;1650;1350
"247";3440;3610;3390;2880;3540;3820;3940;4660;3480;4340;3700;4630;3230;4180;3920;4360;2910;2910
"248";7450;4950;3250;3700;4850;5300;6450;5800;5300;8150;2950;5250;4700;5900;9750;6550;5300;1800
"249";5110;4790;4245;3940;3580;4500;3815;4970;4795;5030;4035;4480;3945;4255;4190;3110;4240;2970
"250";5300;2500;3750;4100;3200;3750;4750;5150;3450;3800;5050;5350;4500;3900;5300;2300;3700;3100
"251";2930;3030;2570;2385;3070;2915;3085;2705;2980;3200;3300;2930;2685;2900;3165;1565;3155;2170
"252";2300;3200;4750;1850;2250;2800;4000;4350;2950;3550;3350;4400;4550;1650;5800;2400;5600;3550
"253";3010;3540;3500;3630;3350;3430;3120;4300;3670;3640;3320;3440;2750;3730;3950;2830;3250;3040
"254";4850;2600;1950;3100;3250;3250;1800;4250;4550;5800;2550;2600;3300;1650;7050;2500;4050;2000
"255";2950;2950;1950;2800;2450;1750;3100;5400;2000;1800;2000;3350;2200;2500;2950;1850;2800;2950
"256";2400;4100;4400;4900;3200;2100;5600;3600;1900;4500;3600;5700;3600;6800;4000;3200;2900;3500
"257";2350;1300;3100;3300;3400;2250;4750;3550;3300;1850;1600;2700;2850;2700;4050;1900;1800;2200
"258";4500;4750;3550;2500;3250;3850;2600;4000;1100;3250;2650;3350;850;3100;3150;3350;2750;2500
"259";3260;7260;2970;5610;5190;2890;4280;4650;4400;5940;7000;4880;4830;5670;6690;6930;3020;6660
"260";1800;1200;2100;2020;820;2400;400;8640;2200;2800;1200;2680;980;2000;940;1240;2800;880
"261";3000;3120;2940;3300;2760;3600;2340;8700;2220;3300;3360;3120;1860;2220;4260;2460;3540;2100
"262";4030;5360;4210;4450;2940;4270;3970;3720;2950;5340;4260;3790;1620;4020;4920;2720;4300;4260
"263";3910;3140;4380;4280;3770;3620;1960;4610;3600;3300;3340;3180;2510;3430;3920;3210;2890;3630
"264";7110;5870;8270;4970;4320;6770;5530;7170;4720;6860;8370;6930;5070;6150;7220;4990;8370;4750
"265";4500;5100;9600;2400;4500;10200;2400;9300;4500;5400;3600;5250;3600;7500;6950;6900;7200;6600
"266";4200;3450;5750;10100;5000;8050;8150;10650;4200;5900;6150;6000;1600;13350;7600;6150;4150;2600
"267";1800;3700;3900;1750;3550;3800;3700;3650;2050;5150;4050;2450;3300;2800;3500;3100;8350;1650
"268";4500;2400;5700;5100;3000;4200;3300;5600;4800;4500;2400;4800;1800;5100;5100;3600;4200;3900
"269";5825;5875;7935;6720;7480;7150;6960;6180;7850;7000;7250;5780;5400;7045;7420;6730;8050;5410
"270";9200;11800;10400;8000;10900;10800;9600;7700;10900;8700;7900;11200;7500;8700;6600;6900;8500;8700
"271";3250;6400;7200;3500;4800;1800;1800;3600;5100;5300;4500;1300;4550;1500;1650;3300;2800;1800
"272";2680;1920;2440;2180;3400;1560;2780;2760;2180;2320;2880;2180;3000;1440;1940;1500;1260;1440
"273";2900;3580;2460;3200;3960;1920;1980;2680;3220;2520;3120;3600;2540;2400;1640;2140;1940;2640
"274";2060;3060;2080;2240;2080;1800;1440;2440;2140;2280;2040;2300;2960;740;1140;1680;1340;1800
"275";4200;3450;3000;2300;2800;4000;3600;6100;4100;5400;4500;4900;2700;2750;3100;2650;1500;3000
"276";2330;1910;2560;1450;1930;1820;2190;1900;1300;2020;1880;2170;1880;2270;1590;1890;1890;1660
"277";3200;3200;850;3500;3800;4250;1700;1150;2600;800;850;3450;2300;800;3500;1600;2600;1900
"278";4040;4440;1340;1740;2420;4380;4600;3800;3020;4920;4040;2960;4220;1660;2280;1600;2940;2960
"279";820;2090;950;810;1640;2310;1870;2720;1870;2440;2350;1150;2000;1050;1290;910;1000;1850
"280";2600;2800;2060;1680;2500;3740;2940;2800;2960;4360;4320;3140;4260;1540;1540;2360;3360;3840
"281";4560;5060;4300;5120;5340;6140;5600;5960;6140;6380;4920;4460;4700;5000;5040;4880;4840;5860
"282";3480;3790;3310;3500;3310;4180;3970;4560;4900;5380;4280;3880;3460;3320;3570;3750;3580;4380
"283";3760;3800;3880;3800;4060;4200;4300;4220;4340;5240;4240;4220;4480;4380;3460;4240;3620;4860
"284";1550;2040;1440;1520;1670;2470;2110;2300;2430;2930;2570;2440;2360;1960;1410;1760;1830;2500
"285";2880;3280;2920;2600;2920;3360;3740;4060;4020;4740;3980;4180;4700;3000;2800;3040;3260;3840
"286";4000;3800;3560;3820;4380;4500;4340;4360;4640;6380;4520;4360;4600;3800;4500;4060;4220;4440
"287";5500;4660;4520;4700;4580;5460;5880;5260;5900;6480;5980;5280;5660;5000;5940;4940;5420;5340
"288";1120;1860;1340;1000;860;1760;2040;2120;1520;1940;1580;2180;1800;1760;1360;1480;3080;2600
"289";380;580;800;600;1200;680;1580;900;1300;1580;820;1240;1240;600;1960;920;700;1040
"290";1320;2200;1300;680;1800;2780;2280;3040;2800;4720;3480;2660;2860;1100;2220;1300;2480;2460
"291";440;260;760;1840;920;1000;1960;1640;1640;2080;760;1100;1240;460;620;660;740;1200
"292";520;1480;1320;840;1220;1460;1400;1460;1700;2560;1420;1260;1460;1520;1260;1000;1160;1180
"293";2410;1140;910;1380;1640;2540;2630;3030;2230;3000;2130;1800;2640;1330;990;1380;1320;2250
"294";950;2550;1200;950;1400;2050;1850;3050;2250;3150;2350;2050;2500;2100;1650;2050;1650;2850
"295";1650;1650;2550;900;950;2950;2700;2900;3450;5400;4450;3950;2800;1450;1300;2250;1150;1600
"296";380;700;1220;1520;840;780;1660;1840;1900;2460;1680;1320;1040;1260;680;1120;840;1460
"297";680;1000;840;620;770;1030;1130;1480;1140;2170;1200;1110;1100;840;1250;610;680;870
"298";960;2060;1120;1060;1280;1560;1980;1800;2460;2680;2160;1980;1680;760;1320;860;900;1540
"299";620;1235;970;920;945;765;930;1150;965;2450;750;860;1210;605;1035;650;410;720
"300";958;1406;1352;1350;1660;1904;1306;1416;1316;1126;1226;1226;1506;1138;1172;1026;868;1404
"301";959;1325;803;887;1422;1921;1331;1541;1410;1661;1681;1465;1940;924;1163;2017;1350;2007
"302";1514;1428;1074;1196;1800;2052;1598;2242;1648;1780;1994;1406;2278;2554;1078;3002;1860;3128
"303";740;940;860;620;460;740;1120;1180;1180;2120;940;860;1440;860;1000;760;640;560
"304";2280;354;10994;12446;234;326;714;4152;480;434;496;236;1594;2628;788;994;4670;11310
"305";1280;2940;1360;2000;2980;3380;3480;3820;3980;4820;3280;2220;3560;1900;1400;2220;2000;3880
"306";1850;2700;3150;1200;1800;4550;2150;1600;4450;3250;2900;900;2200;3050;2500;3300;3000;3150
"307";840;3640;2080;960;1380;2240;1200;1380;1620;2000;1480;2340;1640;1560;1840;1660;1680;1760
"308";3100;1710;1720;1030;1960;5340;2330;3640;3650;4490;3920;2820;2960;2080;1530;1390;1670;2850
"309";800;720;1080;600;520;620;1520;1380;1980;2360;1200;1660;1320;1240;580;780;900;1360
"310";2540;2570;2530;2520;2530;2670;2570;2730;2950;3140;2780;2660;2620;2560;2510;2530;2510;2560
"311";3160;3220;3120;3140;3160;3440;3540;3460;4060;4220;3740;3620;3500;3220;3060;3120;3120;3120
"312";4100;4140;4080;4120;4080;4380;4560;4720;5000;5860;4800;4180;4200;4200;4060;4140;4080;4320
"313";1100;1240;1080;1060;1060;1220;1260;1720;2420;3040;1460;1400;1140;1640;1100;1060;1040;1420
"314";570;615;555;550;500;920;790;1135;2240;3005;1160;770;575;565;550;520;555;1020
"315";3760;3740;3640;3640;3620;3800;3840;4460;5160;6100;4600;4180;3900;3740;3660;3660;3660;3800
"316";2360;2580;2240;2260;2340;2440;2380;2840;3240;3460;3420;2460;2540;2420;2260;2240;2280;2380
"317";1240;1430;1060;1110;1340;1880;1790;2410;3410;3600;2480;1850;1240;1160;1070;1380;1070;1500
"318";3220;3480;3020;3240;2980;3260;3360;3160;4800;5000;3760;3260;3060;3040;2840;3180;2960;3700
"319";3960;3980;3860;3960;3980;4020;3940;4140;4000;4240;3860;4120;4000;3800;3760;3840;3840;4500
"320";4440;4660;4760;4420;4360;4500;4680;4800;4680;4940;4780;4960;4800;4680;4440;4580;4500;5000
"321";4650;5100;4600;4350;5350;4700;5200;5350;5700;6050;4950;5200;5550;4750;4400;4250;4700;5850
"322";2940;2980;2980;2960;3140;3120;3200;3140;3320;3520;3180;3100;3140;3060;3060;3000;3020;3280
"323";2260;2260;2180;2400;2300;2780;2700;2620;2440;3180;2640;2440;2560;2260;2260;2240;2340;2600
"324";2400;2500;2100;2380;2540;3020;2840;3200;3400;3500;3140;2860;3300;2300;2380;2560;2780;3100
"325";2380;1740;1860;1280;1780;1740;1900;2460;2860;3000;1680;1800;1960;1580;1700;1940;1580;2340
"326";1760;1740;1620;1660;1860;2320;2220;2320;2440;2840;2300;2180;2260;1720;1620;1740;2180;2720
"327";2740;3320;2740;2760;2700;2800;3040;3420;2920;3440;3140;3280;3160;2800;3640;2840;2840;3060
"328";1005;1005;860;535;740;1005;870;1145;1085;985;915;915;1090;780;975;765;575;740
"329";3890;840;780;1340;1990;2180;2050;3030;3610;7370;4620;1400;2360;1550;1180;830;910;1460
"330";1200;1310;910;990;1080;1590;1390;1700;2140;2290;1710;1560;2250;990;1090;1200;1080;1440
"331";2680;3480;2780;2620;3080;4270;2580;2950;3240;4730;4270;3580;3690;2530;2730;2560;2120;3390
"332";1290;2020;1580;1690;1150;2730;1580;1520;2400;2310;2350;1780;1950;2400;1560;1140;1040;1730
"333";1680;1230;790;1070;1170;1420;1320;1990;2190;3340;1890;1950;2400;1050;710;860;940;1650
"334";920;995;840;915;1140;1280;875;1110;995;1115;815;895;1295;775;460;615;620;970
"335";1100;1850;770;1880;1220;2300;1560;1830;2540;3140;2300;1970;1830;1040;700;980;730;1620
"336";1885;1270;1200;1625;1700;2260;1515;1915;1495;1320;1390;1270;1780;990;1685;800;1400;1550
"337";800;1240;960;1300;900;2020;1340;1660;1380;1280;1740;1680;1380;1060;1340;1940;1440;1380
"338";650;725;455;475;675;685;610;650;430;2055;665;460;725;455;755;440;380;575
"339";5080;1882;1798;1974;2434;3894;3336;2978;2556;3120;3090;2806;4162;2456;1954;1754;2284;2612
"340";1960;1390;690;1130;1920;3770;1700;2010;2420;3280;3140;2050;2410;7650;3890;1420;1660;2360
"341";3180;3360;1580;2490;2530;3600;3420;2840;2730;3410;2990;3160;3980;2660;2670;1380;2030;2270
"342";2560;2520;1110;1570;2170;2600;2160;2350;1930;2440;3340;1910;3030;2040;2030;1600;1650;2450
"343";1360;990;680;770;820;1210;1080;1290;1060;2320;1330;1070;1280;760;1930;680;920;940
"344";2590;1740;2510;1700;1350;3950;1370;2220;2860;5610;2980;3380;3320;2130;1840;1650;1300;2070
"345";2840;2940;2180;1900;2940;3540;2920;1900;2820;4160;2840;2600;3040;1600;1920;1740;1740;3440
"346";3400;1560;940;1280;2740;2220;3880;3460;4560;5660;3720;3000;4240;2340;2760;960;1580;1700
"347";950;1650;610;680;890;1790;1310;1510;1560;2270;1690;1200;1330;1140;930;740;1060;1710
"348";2365;1420;1150;1260;2045;2930;2545;2160;3020;3750;2600;2275;1880;1615;1730;1155;1790;2445
"349";1300;1800;1560;1320;1240;1360;1380;1720;1780;1880;1660;1640;1560;1500;1260;1240;1440;1580
"350";1320;1880;1860;1480;1740;1760;1720;2080;2760;3020;2200;2400;2160;1600;1420;1520;1480;2020
"351";2300;2580;2440;2140;2400;2560;2560;3560;3840;4180;3000;3400;3440;2160;2240;2000;2360;3680
"352";2040;1780;1980;2060;2680;2820;3500;3940;3780;3200;3420;2460;2580;1960;2520;1920;3460;2560
"353";2660;3220;2440;2260;2440;3240;2480;2440;2820;2840;2640;2880;2820;2780;2460;2520;2700;2980
"354";1940;2680;2460;2200;2360;2300;2440;2540;2720;3580;2800;2500;2540;2220;2220;2200;2080;2960
"355";2360;2540;2220;2020;2560;2400;2860;2940;2820;3160;2360;2300;2760;2480;2440;2480;2680;2620
"356";1680;1800;2160;1720;2800;1780;2400;2440;2600;3420;2600;2920;2480;2040;1740;2440;2180;2300
"357";2940;3060;2760;3260;2680;3320;3740;3340;3200;4940;4100;3720;4040;3460;3180;3140;3320;3700
"358";3340;4060;3120;3460;4220;5140;3480;3620;3560;3980;3420;3380;3320;3580;3160;3420;3780;4040
"359";4420;4740;4380;4420;4660;4580;4880;4860;4740;5080;4700;4660;4440;4460;4420;4380;4540;4840
"360";1720;2600;2000;1880;2080;2660;2260;2100;2260;2980;2180;2300;2560;2180;1860;2480;2400;2760
"361";1880;2040;2480;1800;2220;2540;2440;2460;3140;2660;2540;2080;2480;1960;1840;2300;2200;2360
"362";2000;2260;2020;2060;2100;2070;2090;1970;2060;2130;2030;2090;2150;2100;2080;2050;1970;2140
"363";1400;1640;1580;1320;1420;1640;1720;1820;1800;1880;1660;1700;1700;1400;1620;1540;1400;1780
"364";1280;1740;1840;1320;1920;1400;2000;2180;2240;1940;1800;1940;1760;1780;1840;1680;1720;1660
"365";2240;2300;2540;2260;2080;2700;2860;2500;2800;4000;3100;2600;2960;2220;2120;2440;2520;2800
"366";925;1150;900;880;920;1080;955;1125;1115;1215;1215;1070;1320;1065;1030;980;1050;970
"367";3180;2890;2850;3360;2970;3130;3900;3360;3130;3260;3060;3010;3310;3050;2540;2740;2810;3190
"368";3860;4280;4040;3940;3920;4100;4380;4240;4280;4000;3960;3940;4020;4060;3880;4020;3920;4080
"369";2880;3300;2960;2500;3140;3120;2960;3040;2980;3040;3160;3180;3340;3280;2480;2820;3020;3160
"370";5280;5780;5480;5640;5980;5520;5600;5660;5880;5820;5640;5540;5760;5660;5780;5880;5800;6140
"371";6340;6540;6360;6220;6220;6580;6280;6380;6560;6700;6480;6740;6700;6740;6300;6200;6300;6720
"372";4060;3840;3980;3940;4480;4000;4240;4240;4220;4700;4420;4220;4180;3940;3920;3740;4000;4340
"373";3320;3460;3160;3230;3400;3280;3370;3380;3290;3390;3440;3410;3240;3340;3310;3260;3150;3340
"374";3530;3630;3220;3260;3510;3700;3570;4090;3940;4020;3880;4280;3690;3600;3510;3450;3560;3610
"375";4295;4370;4235;4270;4175;4320;4345;4495;4375;4600;4430;4645;4405;4265;4260;4165;4285;4515
"376";3960;3800;3690;3910;3820;3820;4290;4020;4110;4250;3940;3800;4190;4090;3760;3780;3950;3990
"377";3130;3170;3430;3180;3080;3280;3220;3220;3300;3800;3460;3210;3340;3240;3190;3210;3180;3450
"378";1510;1990;1160;1000;1610;2090;2040;2000;2320;3640;2240;2190;1850;1050;1050;760;1050;1580
"379";695;1395;795;595;1020;955;1425;1050;1010;1505;1365;1075;1445;665;765;365;480;855
"380";2140;1220;2050;3790;920;3470;2060;2620;2930;1190;880;3590;3510;700;3220;1640;400;8340
"381";2420;2300;970;1390;1140;2310;1790;2800;2400;3290;2450;1890;1660;1180;1550;1220;1310;1750
"382";1810;1835;1580;2415;1410;2550;1855;1640;1695;2910;2380;1470;1540;1870;1375;955;1315;1500
"383";1970;1360;810;975;1100;2110;1215;1290;1805;2210;1990;1320;1695;1070;1485;630;935;1220
"384";584;734;508;486;562;848;616;508;494;568;594;480;746;278;366;350;218;240
"385";648;738;562;472;590;818;706;528;562;680;546;562;842;358;434;348;406;550
"386";1640;2700;1880;2160;1900;2680;2160;2660;2540;2760;2240;3120;1940;1200;2880;1060;1940;2000
"387";3920;2560;2080;2240;2300;4060;3720;3720;4580;4900;4900;1980;3640;2640;1400;1320;2100;3100
"388";835;415;585;525;690;730;710;730;675;885;700;565;835;635;580;275;435;445
"389";3080;2445;2960;2645;3670;6485;3350;5650;4800;6375;5350;4835;4870;3510;2075;3135;2585;4440
"390";5886;3886;2732;2934;4564;8402;5294;6864;5772;7396;5580;6668;6456;5388;3364;7936;3398;6820
"391";3390;3420;2820;2460;3800;3750;2730;2920;2610;3790;3470;3880;3970;2900;1930;1870;2420;3970
"392";1700;2960;1460;2080;2580;4000;2580;3480;3640;4900;4420;3440;3320;2080;1740;1540;3200;4740
"393";1860;2760;2810;1780;3250;4130;3680;3300;3480;3360;3540;3500;3850;3050;2400;2130;2880;3960
"394";3640;2330;2390;2670;3610;5500;4760;4770;4840;8140;4690;3730;5290;3000;3150;3080;3810;4740
"395";2416;2160;1298;1560;2108;3782;2400;3206;2686;4706;3116;2888;2968;2340;1356;4324;2038;3694
"396";1710;1490;1330;1604;1678;3266;1936;2428;1872;2804;2234;2230;2378;1824;1426;3790;1846;2972
"397";1810;2180;1710;2710;2700;3660;2640;3090;2150;1780;2020;2360;2290;2250;2040;1860;2030;2020
"398";2556;2686;2102;2708;2750;3764;3310;2820;2280;3074;2488;3048;3336;3058;1690;5408;2234;3770
"399";2179;2113;1516;1725;1948;3886;2679;3101;2302;2745;2669;2846;2843;2198;1493;3441;1473;3160
"400";3370;3184;2700;3256;2698;4904;4230;4448;3226;4502;3822;4256;4294;3394;2100;5726;3252;4486
"401";1540;1305;710;650;1325;2765;2315;2565;2820;4330;2875;1840;2335;1225;1385;925;895;1495
"402";2200;1960;1880;1660;1740;2460;2460;2760;4040;4020;2900;2680;2740;1220;800;700;840;1340
"403";4610;2470;2950;2870;3840;4450;3600;3330;4010;4470;4080;4670;4080;2450;3000;2670;2940;3880
"404";5540;2710;3040;3160;3750;6610;6690;5200;7690;7330;7630;5100;6130;3450;6350;3570;3630;6450
"405";1450;1395;1810;1645;1900;2135;2545;945;1560;2245;1615;1660;2555;1240;1595;1220;1600;1730
"406";1370;1690;1440;1340;1430;1510;1670;1430;1890;2110;1900;1840;1610;1880;1470;1610;1300;1880
"407";2080;2360;2060;2090;2060;2120;2130;2160;2140;2250;2170;2300;2220;2160;2110;2120;2050;2120
"408";2770;3250;2670;2890;3000;3110;2780;3130;3210;3530;2940;3440;3020;2740;2770;2760;3240;3040
"409";2370;2560;2480;2580;2460;2470;2640;2970;2600;2730;2700;2530;2310;2390;2270;2590;2520;2750
"410";3110;3270;3180;3130;3080;3220;3270;3280;3150;3390;3190;3120;3270;3190;3110;3230;3370;3170
"411";1420;1850;1630;1500;1660;1720;1980;1490;1740;3120;1810;1880;1470;1460;1360;1510;1500;1680
"412";4320;4060;3780;4440;3940;4200;4960;4620;4380;5160;4580;3940;4980;3960;3880;5060;4340;5300
"413";2480;2590;2360;2310;2390;2400;2580;2850;2580;3120;2770;2520;2710;2580;2490;2300;2250;2480
"414";4480;4740;4220;4140;4640;4620;4860;4840;4720;5060;4980;4840;5060;5100;4740;4760;4380;4860
"415";2320;2580;2210;2260;2520;2610;2640;2510;2510;3220;2570;2570;2810;2360;2350;2550;2180;2750
"416";2560;4300;2540;2780;3520;3060;3520;3100;3400;4300;3460;3920;3400;3380;4060;2880;3380;2980
"417";3240;3820;3680;3490;3550;3290;3870;3200;3740;4120;3840;3460;3370;3760;3670;3380;3750;4020
"418";6380;6740;6240;6460;6540;6360;6460;6520;6440;6700;6440;6600;6540;6280;6360;6300;6220;6680
"419";3150;3320;6400;5950;2950;3960;5100;3000;3370;7780;3980;3780;4220;3150;3110;3180;3050;4330
"420";5990;6480;6140;5680;6330;6230;6490;6310;5950;6230;6520;6570;6310;6580;5880;5880;5520;6310
"421";1415;1610;1640;1690;1935;1430;1670;1625;1530;1770;1630;1735;1500;1415;1745;1440;1540;1740
"422";2960;2540;2540;3820;3000;3020;3020;3060;3360;3820;3360;3940;3600;2940;2940;2840;2900;3620
"423";8340;8900;8360;9160;8600;8920;8840;8900;8700;9320;9140;8740;8980;8780;8980;8460;9040;9120
"424";3500;3540;3760;3760;4140;3720;4000;3560;3860;4380;3780;3400;4500;3280;3460;3360;3400;3760
"425";5390;4580;4230;4230;4490;4890;4160;4770;4390;4790;4850;5110;4510;4400;4180;4420;4150;4240
"426";3400;3920;3660;3400;3710;3830;4280;3860;3810;4490;4570;3410;3620;3300;3970;3430;3640;3580
"427";3460;4220;3080;3300;4260;5660;4360;4140;4320;4180;3120;3220;4040;2840;2780;3700;3720;4780
"428";2160;1090;970;510;780;2190;600;2140;2160;2490;1750;2090;1220;2200;910;810;1040;1210
"429";5500;1680;2320;1280;2120;3500;3220;3240;3900;3780;2800;2620;2900;2500;1020;1720;2300;1360
"430";1265;1675;1485;1630;1715;2355;1770;1650;1545;1705;1735;1915;1880;1830;950;1380;1490;2020
"431";6140;6120;7180;5900;7480;9680;6580;9280;9180;10640;9600;7540;6160;4220;5980;4880;6800;9540
"432";2610;3570;3150;3710;3270;4660;3320;2480;3090;2490;3250;2650;3070;8860;1860;2200;1460;1980
"433";3550;3770;3000;4620;5240;5925;4770;4745;4030;5370;5025;5140;4485;7040;3795;10705;6135;12145
"434";2680;2715;1795;2300;2825;4235;2080;2805;2170;2520;2775;2020;2790;1575;1645;2255;2475;2910
"435";1470;880;2248;2164;1216;2274;2504;1058;1986;3022;2156;1828;2262;1922;866;2648;1988;4194
"436";3412;4268;4308;5924;5044;6806;4968;5944;3802;4238;3452;4002;4818;5824;3710;8924;4946;9570
"437";2340;5200;3520;4240;5220;5780;4700;4700;5500;5820;5200;4500;5400;2740;4760;4360;3920;4300
"438";2575;2815;1370;1575;2345;3435;1955;2925;3305;3935;2480;2200;2825;5495;1205;1090;970;1545
"439";5340;3330;4450;3230;4830;6040;4080;5380;4140;7190;6580;4540;4970;5530;3800;4360;4280;5430
"440";4360;3100;5260;4960;5920;8780;5940;6140;5240;4320;3620;6220;3680;4560;4040;4120;5500;5060
"441";6160;6580;6140;6060;6360;6240;6180;6320;6200;6280;6380;6160;6200;6180;6100;6080;6240;6280
"442";1640;1630;1960;1740;2240;2200;1980;2050;1280;1680;1440;1690;1700;1680;1800;1590;1940;2120
"443";4800;4920;4360;4540;4420;5920;4380;5580;4880;6980;5300;5640;5220;4660;4740;5340;4180;4840
"444";6220;6320;6240;6360;6220;6440;6440;6240;6440;6440;6460;6180;6240;6200;6120;6440;6120;6260
"445";2620;2725;2635;2625;2720;2680;2765;2715;2680;2720;2780;2715;2710;2665;2615;2615;2635;2785
"446";4260;4560;4360;4480;4460;4400;4360;4400;4320;4720;4360;4300;4400;4340;4320;4320;4220;4280
"447";2600;2620;2530;2720;2670;2740;2650;2600;2600;2660;2650;2650;2640;2580;2640;2600;2570;2620
"448";6560;6760;6920;6640;6560;6960;6860;6620;6480;7120;7200;6660;6880;6540;6520;6420;6300;6880
"449";5240;4200;3860;4560;5040;5200;4020;5640;5280;6800;5880;5680;5220;4400;4060;4880;4360;5380
"450";5320;4880;4960;4900;5320;5940;4420;7240;6640;6260;5440;5280;5740;4800;4800;5160;4760;5380
"451";5060;5070;5040;5050;5250;5200;5290;5270;5470;5420;5330;5130;5490;5140;5110;5070;5090;5160
"452";4200;4530;4180;4210;4430;4670;4480;4460;4570;5130;4400;4360;4590;4340;4300;4440;4680;4520
"453";4440;4580;4360;4640;4200;4620;4200;4560;4060;5020;5020;4980;4680;4540;4080;4540;4060;4120
"454";6920;6580;6480;6420;6880;6580;6580;6560;6620;6840;6560;6300;6660;6420;6360;6320;6360;6480
"455";5680;3420;3420;2760;3420;5260;4260;5880;5640;7940;5380;4940;4720;4680;4260;3880;3180;6400
"456";2460;2540;2740;2350;2440;2790;2740;2870;2760;2790;2760;2780;2720;2800;2850;3460;3340;3800
"457";5660;5920;5980;6260;6300;6540;6120;6140;6860;7100;6380;6460;6440;6160;6220;6500;5700;6580
"458";5680;6280;5780;5860;6100;7140;7120;7000;6980;7860;7360;6320;7260;6400;6280;6080;6160;7740
"459";2760;2840;2660;2200;2360;2900;3280;3460;3380;4600;3480;3200;3780;2860;2500;2580;2880;5580
"460";4410;4260;4290;4360;4570;4550;4740;4350;4220;4270;4280;4450;4390;4610;4500;4290;4300;4430
"461";3680;3810;3710;4100;4350;4230;3600;4410;3580;3810;3610;3610;3940;3920;3740;3700;4010;3810
"462";4390;4460;4520;4370;4740;4710;4660;4450;4520;4520;4500;4490;4380;4550;4370;4310;4430;4380
"463";6620;6600;6720;6820;6860;7220;6700;6680;6860;6800;7020;7800;6860;6340;6380;6620;6920;7000
"464";5110;5220;5110;5250;5160;5080;5200;5240;5200;5190;5220;5240;5140;5130;5090;5070;5170;5220
"465";2860;3440;2390;2570;2560;3270;2960;3020;3020;3200;2850;3090;2800;2540;2630;2070;2590;2300
"466";3220;4360;4020;3320;4500;5140;4880;4480;5000;5280;4300;4720;4840;3540;5440;3200;4500;4800
"467";5040;5340;4680;5560;5460;5660;5320;5960;5760;6080;5580;5680;5400;5420;4400;5080;4940;5980
"468";7460;7660;7340;7100;7240;7900;7380;7620;7920;8160;7380;7380;7760;7640;7360;7300;7180;8400
"469";5300;5440;4880;5200;4800;5120;5260;5360;5080;4900;4860;4920;5380;5180;4900;4920;4780;5700
"470";7520;7980;7220;9160;8080;8880;8020;7820;8360;8700;8080;8140;8480;7900;7880;7740;8280;9000
"471";5170;5220;5250;5090;5090;5210;5220;5190;5310;5370;5370;5140;5290;5150;5160;5150;5220;5270
"472";4120;4260;4200;4100;4420;4980;4380;4940;4220;4140;4080;4240;4460;4600;4480;4120;4040;4180
"473";8180;8360;8260;8180;8080;8260;8280;8080;8280;8300;8260;8140;8340;8180;8120;8300;8200;8240
"474";2725;3075;2800;3000;2790;3000;2500;2750;3025;2675;2700;2750;2675;2675;2550;2650;2800;3015
